time,dir_x,dir_y,yaw
0,0.00118925,-0.00401028,-1.28251
0,0.00413344,0.0112948,1.21998
0,0.00413344,0.0112948,1.21998
0.05,-0.317672,0.747773,1.97252
0.1,-0.316518,0.748616,1.97081
0.15,-0.313491,0.745254,1.96898
0.2,-0.308105,0.74376,1.96353
0.25,-0.305521,0.727354,1.96846
0.3,-0.30595,0.708515,1.97843
0.35,-0.30781,0.67254,2.00002
0.4,-0.302958,0.63245,2.01752
0.45,-0.302975,0.594169,2.04234
0.5,-0.299733,0.558402,2.06342
0.55,-0.290798,0.509289,2.08961
0.6,-0.289485,0.483949,2.10987
0.65,-0.272628,0.426848,2.13919
0.7,-0.253409,0.373902,2.16643
0.75,-0.23804,0.337093,2.18564
0.8,-0.214751,0.287061,2.21308
0.85,-0.184547,0.240341,2.22563
0.9,-0.163975,0.205731,2.24373
0.95,0.00400525,0.0113274,1.23093
1,0.00400882,0.0113404,1.23101
1.05,0.00401302,0.0113531,1.23103
1.1,0.00401754,0.0113639,1.23097
1.15,0.00402254,0.0113783,1.23098
1.2,0.00402773,0.0113931,1.23099
1.25,0.00403312,0.011408,1.23098
1.3,0.00403873,0.0114225,1.23094
1.35,0.00404449,0.0114375,1.2309
1.4,0.00405041,0.0114522,1.23085
1.45,0.00405644,0.0114663,1.23077
1.5,0.00406253,0.0114798,1.23066
1.55,0.00406875,0.0114931,1.23055
1.6,0.0040751,0.0115062,1.23042
1.65,0.00408158,0.0115193,1.23027
1.7,0.00408818,0.0115322,1.23012
1.75,0.00409489,0.011545,1.22995
1.8,0.00410171,0.0115577,1.22977
1.85,0.00410864,0.0115702,1.22958
1.9,0.00411568,0.0115826,1.22938
1.95,0.00412281,0.0115948,1.22917
2,0.00413005,0.0116069,1.22894
2.05,0.00413737,0.0116189,1.22871
2.1,0.00414479,0.0116307,1.22846
2.15,0.00415229,0.0116423,1.22821
2.2,0.00415988,0.0116538,1.22794
2.25,0.00416754,0.0116652,1.22767
2.3,0.00417529,0.0116764,1.22738
2.35,0.00418312,0.0116874,1.22709
2.4,0.00419105,0.0116983,1.22678
2.45,0.00419908,0.011709,1.22646
2.5,0.00420716,0.0117196,1.22614
2.55,0.00421529,0.01173,1.22581
2.6,0.0042235,0.0117402,1.22547
2.65,0.00423187,0.0117505,1.22511
2.7,0.0042405,0.0117608,1.22474
2.75,0.00424921,0.011771,1.22437
2.8,0.004258,0.0117811,1.22398
2.85,0.00426682,0.011791,1.22359
2.9,0.00427567,0.0118007,1.22318
2.95,0.00428459,0.0118102,1.22278
3,0.00429354,0.0118196,1.22236
3.05,0.00430256,0.0118288,1.22194
3.1,0.00431163,0.0118379,1.22151
3.15,0.0043215,0.011847,1.22102
3.2,0.00433159,0.0118562,1.22052
3.25,0.00434181,0.0118651,1.22
3.3,0.00435215,0.0118739,1.21947
3.35,0.00436263,0.0118826,1.21893
3.4,0.00437321,0.0118911,1.21838
3.45,0.00438336,0.0118996,1.21786
3.5,0.00439354,0.0119082,1.21734
3.55,0.00440372,0.0119165,1.21681
3.6,0.00441392,0.0119246,1.21628
3.65,0.0044178,0.0119281,1.21609
3.7,0.00441847,0.0119287,1.21606
3.75,0.00441914,0.0119292,1.21602
3.8,0.00441979,0.0119297,1.21599
3.85,0.00442048,0.0119303,1.21595
3.9,0.00442112,0.0119308,1.21592
3.95,0.00442176,0.0119313,1.21589
4,0.0044224,0.0119318,1.21585
4.05,0.00442305,0.0119323,1.21582
4.1,0.00442368,0.0119328,1.21579
4.15,0.00442432,0.0119333,1.21575
4.2,0.00442493,0.0119338,1.21572
4.25,0.00442556,0.0119343,1.21569
4.3,0.00442618,0.0119348,1.21566
4.35,0.0044268,0.0119353,1.21563
4.4,0.00442741,0.0119358,1.21559
4.45,0.00442802,0.0119362,1.21556
4.5,0.00442865,0.0119367,1.21553
4.55,0.00442925,0.0119372,1.2155
4.6,0.00442985,0.0119377,1.21547
4.65,0.00443044,0.0119381,1.21543
4.7,0.00443103,0.0119386,1.2154
4.75,0.00443162,0.011939,1.21537
4.8,0.0044322,0.0119395,1.21534
4.85,0.00443278,0.0119399,1.21531
4.9,0.00443373,0.0119403,1.21525
4.95,0.00443519,0.0119406,1.21515
5,0.00443671,0.0119407,1.21504
5.05,0.00443825,0.0119409,1.21493
5.1,0.00443978,0.0119409,1.21482
5.15,0.00444132,0.011941,1.21471
5.2,0.00444285,0.0119411,1.2146
5.25,0.00444439,0.0119412,1.21449
5.3,0.00444628,0.0119415,1.21436
5.35,0.00444921,0.0119425,1.21417
5.4,0.00445564,0.0119461,1.2138
5.45,0.00446585,0.0119529,1.21324
5.5,0.00447704,0.0119605,1.21262
5.55,0.00448824,0.011968,1.21201
5.6,0.00449947,0.0119754,1.21139
5.65,0.00451074,0.0119828,1.21077
5.7,0.00452205,0.0119902,1.21015
5.75,0.00453306,0.0119975,1.20954
5.8,0.00454352,0.0120046,1.20898
5.85,0.00455371,0.0120116,1.20843
5.9,0.00456385,0.0120185,1.20788
5.95,0.004574,0.0120253,1.20733
6,0.00458416,0.0120321,1.20678
6.05,0.00459433,0.0120388,1.20623
6.1,0.0046045,0.0120455,1.20568
6.15,0.0046147,0.0120521,1.20512
6.2,0.0046249,0.0120587,1.20457
6.25,0.00463511,0.0120652,1.20401
6.3,0.00464535,0.0120717,1.20345
6.35,0.00465559,0.0120781,1.20289
6.4,0.00466584,0.0120845,1.20233
6.45,0.00467608,0.0120908,1.20177
6.5,0.0046864,0.0120971,1.2012
6.55,0.00469675,0.0121034,1.20063
6.6,0.00470714,0.0121096,1.20006
6.65,0.00471748,0.0121157,1.19949
6.7,0.00472783,0.0121218,1.19892
6.75,0.00473818,0.0121279,1.19835
6.8,0.00474852,0.0121338,1.19777
6.85,0.00475891,0.0121398,1.1972
6.9,0.00476929,0.0121458,1.19662
6.95,0.00477961,0.0121516,1.19605
7,0.00478991,0.0121574,1.19548
7.05,0.00480018,0.0121631,1.19491
7.1,0.00481044,0.0121687,1.19434
7.15,0.00482069,0.0121743,1.19377
7.2,0.00483095,0.0121798,1.19319
7.25,0.0048412,0.0121853,1.19262
7.3,0.00485146,0.0121907,1.19205
7.35,0.00486172,0.0121961,1.19147
7.4,0.00487198,0.0122014,1.1909
7.45,0.00488221,0.0122066,1.19032
7.5,0.00489244,0.0122118,1.18975
7.55,0.00490266,0.012217,1.18917
7.6,0.00491288,0.0122221,1.18859
7.65,0.0049231,0.0122271,1.18802
7.7,0.00493329,0.0122321,1.18744
7.75,0.00494347,0.012237,1.18687
7.8,0.00495364,0.0122419,1.18629
7.85,0.0049638,0.0122467,1.18571
7.9,0.00497396,0.0122514,1.18514
7.95,0.0049841,0.0122561,1.18456
8,0.00499422,0.0122608,1.18398
8.05,0.00500433,0.0122653,1.18341
8.1,0.00501443,0.0122698,1.18283
8.15,0.0050245,0.0122743,1.18225
8.2,0.00503457,0.0122787,1.18168
8.25,0.00504462,0.012283,1.1811
8.3,0.00505463,0.0122873,1.18053
8.35,0.00506463,0.0122915,1.17995
8.4,0.00507463,0.0122956,1.17937
8.45,0.00508462,0.0122997,1.1788
8.5,0.00509458,0.0123037,1.17822
8.55,0.00510453,0.0123077,1.17765
8.6,0.00511446,0.0123116,1.17707
8.65,0.00512436,0.0123154,1.17649
8.7,0.00513423,0.0123192,1.17592
8.75,0.00514415,0.0123228,1.17534
8.8,0.00515405,0.0123265,1.17476
8.85,0.00516385,0.01233,1.17419
8.9,0.0051737,0.0123335,1.17361
8.95,0.00518347,0.0123369,1.17303
9,0.0051933,0.0123403,1.17245
9.05,0.00520308,0.0123436,1.17188
9.1,0.00521282,0.0123468,1.1713
9.15,0.0052225,0.0123499,1.17073
9.2,0.00523219,0.012353,1.17015
9.25,0.0052418,0.012356,1.16958
9.3,0.00525139,0.012359,1.16901
9.35,0.00526089,0.0123619,1.16844
9.4,0.00527047,0.0123647,1.16787
9.45,0.00527998,0.0123674,1.16729
9.5,0.00528942,0.01237,1.16673
9.55,0.00529885,0.0123726,1.16616
9.6,0.0053082,0.0123751,1.16559
9.65,0.00531749,0.0123776,1.16503
9.7,0.0053268,0.01238,1.16447
9.75,0.00533597,0.0123823,1.16391
9.8,0.00534517,0.0123845,1.16335
9.85,0.00535423,0.0123866,1.16279
9.9,0.00536325,0.0123887,1.16224
9.95,0.00537228,0.0123907,1.16169
10,0.00538128,0.0123926,1.16113
10.05,0.00539026,0.0123944,1.16057
10.1,0.00539926,0.0123961,1.16001
10.15,0.00540814,0.0123977,1.15946
10.2,0.00541702,0.0123993,1.1589
10.25,0.00542587,0.0124007,1.15835
10.3,0.00543467,0.0124021,1.15779
10.35,0.00544345,0.0124034,1.15724
10.4,0.00545217,0.0124046,1.15669
10.45,0.00546087,0.0124057,1.15613
10.5,0.00546951,0.0124068,1.15558
10.55,0.00547811,0.0124077,1.15503
10.6,0.00548665,0.0124086,1.15448
10.65,0.00549515,0.0124094,1.15393
10.7,0.00550358,0.0124101,1.15338
10.75,0.00551192,0.0124107,1.15284
10.8,0.00552017,0.0124112,1.1523
10.85,0.00552846,0.0124116,1.15175
10.9,0.00553664,0.0124119,1.15121
10.95,0.00554484,0.0124122,1.15067
11,0.005553,0.0124123,1.15013
11.05,0.00556112,0.0124124,1.14958
11.1,0.00556919,0.0124124,1.14904
11.15,0.00557719,0.0124122,1.1485
11.2,0.00558515,0.012412,1.14796
11.25,0.00559306,0.0124117,1.14742
11.3,0.00560091,0.0124113,1.14688
11.35,0.00560871,0.0124108,1.14635
11.4,0.00561644,0.0124102,1.14581
11.45,0.00562413,0.0124095,1.14528
11.5,0.00563174,0.0124087,1.14474
11.55,0.0056393,0.0124079,1.14421
11.6,0.00564681,0.0124069,1.14368
11.65,0.00565425,0.0124058,1.14315
11.7,0.00566163,0.0124046,1.14262
11.75,0.00566895,0.0124034,1.1421
11.8,0.0056762,0.012402,1.14157
11.85,0.00568339,0.0124005,1.14105
11.9,0.00569048,0.012399,1.14053
11.95,0.00569744,0.0123973,1.14001
12,0.00570433,0.0123956,1.1395
12.05,0.00571114,0.0123937,1.13899
12.1,0.00571788,0.0123917,1.13848
12.15,0.00572454,0.0123897,1.13797
12.2,0.00573114,0.0123875,1.13747
12.25,0.00573766,0.0123852,1.13697
12.3,0.00574411,0.0123829,1.13646
12.35,0.00575048,0.0123804,1.13596
12.4,0.00575677,0.0123778,1.13547
12.45,0.00576298,0.0123751,1.13497
12.5,0.00576915,0.0123723,1.13447
12.55,0.00577525,0.0123694,1.13398
12.6,0.00578132,0.0123664,1.13348
12.65,0.00578731,0.0123633,1.13299
12.7,0.00579324,0.01236,1.13249
12.75,0.00579904,0.0123567,1.13201
12.8,0.0058048,0.0123532,1.13152
12.85,0.00581047,0.0123497,1.13103
12.9,0.00581608,0.012346,1.13054
12.95,0.00582171,0.0123422,1.13005
13,0.0058273,0.0123383,1.12956
13.05,0.00583287,0.0123343,1.12907
13.1,0.00583834,0.0123302,1.12857
13.15,0.00584375,0.012326,1.12808
13.2,0.00584902,0.0123216,1.1276
13.25,0.00585425,0.0123172,1.12711
13.3,0.00585944,0.0123126,1.12662
13.35,0.0058646,0.0123079,1.12613
13.4,0.00586967,0.0123031,1.12565
13.45,0.0058747,0.0122982,1.12516
13.5,0.00587964,0.0122932,1.12467
13.55,0.00588454,0.012288,1.12418
13.6,0.00588934,0.0122828,1.1237
13.65,0.00589411,0.0122774,1.12321
13.7,0.00589865,0.0122719,1.12274
13.75,0.00590317,0.0122663,1.12226
13.8,0.00590763,0.0122606,1.12178
13.85,0.00591203,0.0122547,1.1213
13.9,0.0059164,0.0122487,1.12082
13.95,0.00592067,0.0122427,1.12035
14,0.00592485,0.0122364,1.11987
14.05,0.00592895,0.0122301,1.1194
14.1,0.00593296,0.0122237,1.11892
14.15,0.0059369,0.0122171,1.11845
14.2,0.00594079,0.0122104,1.11798
14.25,0.00594467,0.0122036,1.1175
14.3,0.00594848,0.0121967,1.11703
14.35,0.0059522,0.0121896,1.11655
14.4,0.00595586,0.0121825,1.11608
14.45,0.00595947,0.0121752,1.1156
14.5,0.00596297,0.0121677,1.11513
14.55,0.00596639,0.0121602,1.11466
14.6,0.0059698,0.0121525,1.11418
14.65,0.00597297,0.0121448,1.11372
14.7,0.00597618,0.0121368,1.11325
14.75,0.00597926,0.0121288,1.11278
14.8,0.00598226,0.0121206,1.11231
14.85,0.00598517,0.0121123,1.11185
14.9,0.00598803,0.0121039,1.11138
14.95,0.00599078,0.0120954,1.11092
15,0.00599346,0.0120867,1.11046
15.05,0.00599604,0.0120779,1.10999
15.1,0.0059985,0.012069,1.10954
15.15,0.00600088,0.0120599,1.10908
15.2,0.00600319,0.0120508,1.10862
15.25,0.00600544,0.0120415,1.10817
15.3,0.00600757,0.012032,1.10771
15.35,0.00600971,0.0120225,1.10725
15.4,0.00601182,0.0120128,1.10679
15.45,0.00601401,0.0120031,1.10632
15.5,0.00601612,0.0119932,1.10585
15.55,0.00601814,0.0119831,1.10538
15.6,0.0060201,0.011973,1.10491
15.65,0.00602198,0.0119627,1.10444
15.7,0.00602379,0.0119523,1.10397
15.75,0.00602553,0.0119418,1.1035
15.8,0.00602721,0.0119311,1.10302
15.85,0.00602881,0.0119204,1.10255
15.9,0.00603029,0.0119095,1.10209
15.95,0.00603168,0.0118985,1.10162
16,0.006033,0.0118873,1.10115
16.05,0.00603423,0.011876,1.10069
16.1,0.00603546,0.0118647,1.10022
16.15,0.00603678,0.0118531,1.09974
16.2,0.00603806,0.0118415,1.09925
16.25,0.00603929,0.0118297,1.09877
16.3,0.00604046,0.0118178,1.09828
16.35,0.00604159,0.0118058,1.0978
16.4,0.00604266,0.0117937,1.09731
16.45,0.0060437,0.0117814,1.09681
16.5,0.00604468,0.011769,1.09632
16.55,0.00604562,0.0117565,1.09582
16.6,0.00604651,0.0117438,1.09533
16.65,0.00604736,0.0117311,1.09483
16.7,0.00604815,0.0117182,1.09432
16.75,0.00604892,0.0117052,1.09382
16.8,0.00604951,0.011692,1.09332
16.85,0.00605005,0.0116787,1.09282
16.9,0.00605055,0.0116653,1.09232
16.95,0.00605102,0.0116518,1.09181
17,0.00605165,0.0116381,1.09129
17.05,0.00605216,0.0116244,1.09077
17.1,0.00605257,0.0116104,1.09025
17.15,0.00605275,0.0115964,1.08974
17.2,0.00605293,0.0115823,1.08923
17.25,0.00605288,0.011568,1.08873
17.3,0.00605284,0.0115535,1.08822
17.35,0.00605288,0.011539,1.0877
17.4,0.00605291,0.0115243,1.08717
17.45,0.00605298,0.0115095,1.08664
17.5,0.00605303,0.0114946,1.0861
17.55,0.00605297,0.0114796,1.08556
17.6,0.00605285,0.0114644,1.08503
17.65,0.00605266,0.0114492,1.08449
17.7,0.00605241,0.0114338,1.08395
17.75,0.00605209,0.0114182,1.08341
17.8,0.00605165,0.0114026,1.08287
17.85,0.00605117,0.0113868,1.08233
17.9,0.00605068,0.0113709,1.08178
17.95,0.00605009,0.0113549,1.08124
18,0.0060494,0.0113387,1.0807
18.05,0.00604857,0.0113225,1.08016
18.1,0.00604766,0.0113061,1.07962
18.15,0.00604669,0.0112895,1.07908
18.2,0.00604567,0.0112729,1.07853
18.25,0.00604467,0.0112561,1.07798
18.3,0.00604372,0.0112392,1.07742
18.35,0.0060428,0.0112222,1.07685
18.4,0.00604179,0.0112051,1.07628
18.45,0.00604076,0.0111878,1.07571
18.5,0.00603978,0.0111704,1.07513
18.55,0.00603872,0.0111529,1.07454
18.6,0.00603764,0.0111353,1.07396
18.65,0.00603655,0.0111176,1.07336
18.7,0.00603544,0.0110997,1.07277
18.75,0.00603429,0.0110818,1.07217
18.8,0.00603319,0.0110637,1.07156
18.85,0.006032,0.0110454,1.07095
18.9,0.00603083,0.0110271,1.07033
18.95,0.00602965,0.0110087,1.06971
19,0.0060285,0.0109901,1.06907
19.05,0.00602744,0.0109714,1.06843
19.1,0.00602638,0.0109525,1.06778
19.15,0.00602535,0.0109336,1.06712
19.2,0.00602426,0.0109145,1.06646
19.25,0.00602315,0.0108954,1.06579
19.3,0.00602205,0.0108761,1.06512
19.35,0.00602098,0.0108567,1.06444
19.4,0.00601997,0.0108371,1.06374
19.45,0.00601895,0.0108175,1.06305
19.5,0.00601789,0.0107978,1.06234
19.55,0.00601699,0.0107779,1.06162
19.6,0.00601604,0.0107579,1.0609
19.65,0.00601509,0.0107378,1.06017
19.7,0.00601406,0.0107176,1.05944
19.75,0.00601296,0.0106973,1.05871
19.8,0.00601177,0.0106769,1.05798
19.85,0.00601067,0.0106564,1.05724
19.9,0.00600948,0.0106358,1.05649
19.95,0.00600837,0.010615,1.05573
20,0.00600717,0.0105942,1.05498
20.05,0.00600605,0.0105732,1.05421
20.1,0.00600483,0.0105521,1.05344
20.15,0.00600373,0.0105309,1.05265
20.2,0.00600235,0.0105096,1.05188
20.25,0.00600097,0.0104882,1.0511
20.3,0.00599965,0.0104667,1.0503
20.35,0.00599851,0.010445,1.04949
20.4,0.00599743,0.0104232,1.04867
20.45,0.00599631,0.0104014,1.04784
20.5,0.00599534,0.0103794,1.04699
20.55,0.00599435,0.0103573,1.04614
20.6,0.00599325,0.0103351,1.04529
20.65,0.00599235,0.0103128,1.04442
20.7,0.00599119,0.0102903,1.04356
20.75,0.00599015,0.0102678,1.04268
20.8,0.00598918,0.0102452,1.04179
20.85,0.00598822,0.0102224,1.04089
20.9,0.0059874,0.0101996,1.03997
20.95,0.00598643,0.0101766,1.03906
21,0.00598553,0.0101536,1.03813
21.05,0.00598462,0.0101304,1.0372
21.1,0.00598367,0.0101071,1.03626
21.15,0.00598268,0.0100838,1.03532
21.2,0.00598169,0.0100603,1.03437
21.25,0.0059805,0.0100367,1.03342
21.3,0.00597936,0.010013,1.03247
21.35,0.00597812,0.00998916,1.03151
21.4,0.00597684,0.00996524,1.03055
21.45,0.00597554,0.00994122,1.02958
21.5,0.0059742,0.0099171,1.0286
21.55,0.00597284,0.00989288,1.02762
21.6,0.00597142,0.00986856,1.02664
21.65,0.00597,0.00984414,1.02565
21.7,0.00596856,0.00981961,1.02465
21.75,0.00596703,0.00979499,1.02365
21.8,0.00596546,0.00977027,1.02264
21.85,0.00596382,0.00974546,1.02163
21.9,0.0059622,0.00972055,1.02061
21.95,0.00596054,0.00969554,1.01959
22,0.00595873,0.00967041,1.01856
22.05,0.00595696,0.00964518,1.01753
22.1,0.00595541,0.00961986,1.01647
22.15,0.00595385,0.00959443,1.0154
22.2,0.00595311,0.00956761,1.0142
22.25,0.00595158,0.009542,1.01311
22.3,0.00594992,0.00951628,1.01203
22.35,0.00594827,0.00949047,1.01093
22.4,0.00594762,0.0094633,1.00969
22.45,0.00594609,0.00943732,1.00857
22.5,0.00594461,0.00941124,1.00743
22.55,0.00594392,0.0093838,1.00616
22.6,0.00594224,0.00935752,1.00502
22.65,0.00594076,0.00933117,1.00386
22.7,0.00593911,0.00930478,1.0027
22.75,0.00593842,0.00927704,1.0014
22.8,0.00593678,0.00925047,1.00022
22.85,0.00593525,0.0092238,0.999024
22.9,0.00593356,0.00919706,0.997832
22.95,0.0059319,0.00917024,0.996629
23,0.005931,0.0091421,0.995295
23.05,0.00592933,0.0091151,0.994073
23.1,0.00592755,0.00908802,0.992849
23.15,0.0059259,0.00906083,0.991605
23.2,0.00592493,0.00903235,0.990238
23.25,0.00592296,0.00900501,0.988998
23.3,0.00592086,0.00897759,0.987761
23.35,0.00591979,0.00894887,0.98637
23.4,0.00591777,0.00892127,0.985105
23.45,0.00591561,0.00889361,0.983843
23.5,0.0059134,0.00886585,0.982572
23.55,0.00591222,0.00883681,0.981149
23.6,0.00591044,0.00880893,0.979827
23.65,0.00590867,0.00878097,0.978494
23.7,0.00590689,0.00875293,0.977152
23.75,0.00590513,0.00872482,0.975798
23.8,0.0059041,0.00869545,0.974312
23.85,0.00590203,0.00866715,0.97296
23.9,0.0220852,-0.23199,-1.47588
23.95,0.00589763,0.0086103,0.970242
24,0.0252631,-0.22819,-1.46053
24.05,0.00594942,0.00855974,0.963402
24.1,0.00599345,0.0085379,0.958741
24.15,0.00605612,0.00851838,0.952761
24.2,0.0060847,0.0084956,0.949269
24.25,0.0314906,-0.233804,-1.43691
24.3,0.034248,-0.226162,-1.42051
24.35,0.040579,-0.247002,-1.40797
24.4,0.0432532,-0.234427,-1.38834
24.45,0.050067,-0.228903,-1.35546
24.5,0.0544717,-0.245586,-1.35253
24.55,0.00617345,0.00833004,0.933011
24.6,0.00615948,0.00830721,0.932782
24.65,0.0061215,0.00828597,0.934515
24.7,0.0548933,-0.227641,-1.33417
24.75,0.0517534,-0.218369,-1.33809
24.8,0.0580927,-0.230535,-1.32394
24.85,0.00586268,0.00820913,0.950626
24.9,0.0682992,-0.216402,-1.26508
24.95,0.00587768,0.00817909,0.947681
25,0.00597084,0.00816817,0.939574
25.05,0.00607098,0.0081563,0.930934
25.1,0.00623533,0.00814832,0.91762
25.15,0.00643401,0.00814144,0.902011
25.2,0.0577662,-0.211735,-1.30446
25.25,0.00688501,0.00812834,0.868024
25.3,0.00712577,0.00812282,0.850691
25.35,0.00726362,0.0081183,0.840905
25.4,0.00739251,0.00811439,0.831917
25.45,0.00749446,0.00811227,0.824963
25.5,0.00754211,0.00811088,0.821719
25.55,0.00757699,0.0081098,0.81935
25.6,0.00760042,0.0081091,0.817767
25.65,0.0076325,0.00810718,0.815547
25.7,0.0634198,-0.222115,-1.29267
25.75,0.00770448,0.00810684,0.81084
25.8,0.00773199,0.00810657,0.809044
25.85,0.00772991,0.00810449,0.80905
25.9,0.0077541,0.00810449,0.80749
25.95,0.00777686,0.0081046,0.806032
26,0.00779979,0.00810369,0.804505
26.05,0.00782114,0.00810394,0.803154
26.1,0.0078417,0.00810424,0.801861
26.15,0.00786103,0.00810457,0.800651
26.2,0.00787887,0.00810493,0.799541
26.25,0.0078969,0.00810422,0.798354
26.3,0.00790509,0.00810478,0.79787
26.35,0.00791868,0.00810493,0.797021
26.4,0.00793643,0.00810518,0.795917
26.45,0.00795062,0.00810561,0.795051
26.5,0.0079654,0.00810494,0.794081
26.55,0.00797339,0.0081055,0.793614
26.6,0.0631675,-0.210301,-1.279
26.65,0.00800461,0.00810624,0.791706
26.7,0.00803519,0.00810627,0.789801
26.75,0.00802312,0.00810468,0.790455
26.8,0.00803154,0.00810499,0.78995
26.85,0.00804035,0.0081053,0.789421
26.9,0.0646549,-0.21189,-1.27464
26.95,0.00805428,0.00810656,0.788633
27,0.00807249,0.00810555,0.787442
27.05,0.00800552,0.00810253,0.791421
27.1,0.0706476,-0.221449,-1.26198
27.15,0.0706965,-0.230455,-1.27314
27.2,0.0701903,-0.210754,-1.24931
27.25,0.0079695,0.00809465,0.793189
27.3,0.00789018,0.00809093,0.797959
27.35,0.00781026,0.00808593,0.802739
27.4,0.00776628,0.00808256,0.805352
27.45,0.00775351,0.00808239,0.806163
27.5,0.00775577,0.00808261,0.806031
27.55,0.0077577,0.00808278,0.805917
27.6,0.0077591,0.0080829,0.805835
27.65,0.0077555,0.00808201,0.806012
27.7,0.00775747,0.00808184,0.805874
27.75,0.00775924,0.00808181,0.805759
27.8,0.00776026,0.00808069,0.805623
27.85,0.00776003,0.0080806,0.805633
27.9,0.00775965,0.00808047,0.805649
27.95,0.00775565,0.00808047,0.805907
28,0.00776656,0.00808021,0.805188
28.05,0.00777105,0.00807887,0.804817
28.1,0.00777986,0.0080785,0.804228
28.15,0.0077776,0.00807824,0.804357
28.2,0.00778359,0.00807675,0.80388
28.25,0.0736471,-0.216118,-1.24236
28.3,0.0077853,0.00807658,0.80376
28.35,0.00778537,0.00807508,0.803663
28.4,0.00774643,0.00807369,0.806082
28.45,0.00773602,0.00807345,0.806738
28.5,0.00774732,0.00807188,0.805912
28.55,0.00780654,0.00807081,0.802041
28.6,0.00786053,0.00807026,0.798563
28.65,0.0078808,0.00806876,0.797183
28.7,0.00787916,0.00806834,0.797261
28.75,0.0750101,-0.20696,-1.22308
28.8,0.00787374,0.008068,0.797583
28.85,0.00787448,0.00806776,0.797521
28.9,0.00785311,0.00806515,0.798718
28.95,0.00785041,0.00806436,0.79884
29,0.00785357,0.00806384,0.798608
29.05,0.0803419,-0.208919,-1.20367
29.1,0.00783838,0.00806216,0.799471
29.15,0.00783975,0.00806119,0.799323
29.2,0.00780204,0.00805783,0.801525
29.25,0.00779178,0.00805727,0.802148
29.3,0.00779339,0.00805659,0.802002
29.35,0.0794235,-0.209474,-1.20839
29.4,0.00791046,0.00805526,0.794468
29.45,0.00803432,0.00805561,0.786721
29.5,0.00805307,0.00805151,0.785301
29.55,0.00792393,0.00804383,0.792907
29.6,0.0902049,-0.218245,-1.17886
29.65,0.0881454,-0.209498,-1.17253
29.7,0.00734304,0.00800745,0.828654
29.75,0.0930465,-0.203193,-1.14137
29.8,0.0958031,-0.206915,-1.13718
29.85,0.097139,-0.212056,-1.14124
29.9,0.00695753,0.00797537,0.853454
29.95,0.0068747,0.00796818,0.858935
30,0.00677668,0.0079588,0.86545
30.05,0.00671271,0.00795334,0.869789
30.1,0.00668267,0.00795063,0.871831
30.15,0.00667787,0.00794877,0.87207
30.2,0.00667561,0.00794816,0.872199
30.25,0.0066736,0.00794755,0.87231
30.3,0.00667267,0.00794585,0.872273
30.35,0.00667054,0.00794517,0.872387
30.4,0.00666865,0.00794446,0.872484
30.45,0.00666746,0.00794379,0.872529
30.5,0.00666758,0.00794207,0.872414
30.55,0.00666473,0.0079414,0.872583
30.6,0.00667511,0.00794091,0.871787
30.65,0.00667491,0.0079391,0.871688
30.7,0.00667888,0.00793836,0.87135
30.75,0.00667875,0.00793763,0.871314
30.8,0.00667854,0.00793579,0.871216
30.85,0.00667566,0.00793486,0.87137
30.9,0.100885,-0.206502,-1.11636
30.95,0.0999574,-0.209183,-1.12503
31,0.101842,-0.208187,-1.11584
31.05,0.00668839,0.00792981,0.870118
31.1,0.00670683,0.00792632,0.868543
31.15,0.00666812,0.00791769,0.870859
31.2,0.00665831,0.00791402,0.871357
31.25,0.00666825,0.00791373,0.870604
31.3,0.00666881,0.00791316,0.870527
31.35,0.00667049,0.00791155,0.870302
31.4,0.0980558,-0.1996,-1.11416
31.45,0.107158,-0.215483,-1.10932
31.5,0.103344,-0.202577,-1.09907
31.55,0.106568,-0.207468,-1.09628
31.6,0.00665152,0.00790418,0.871246
31.65,0.00661744,0.007898,0.873391
31.7,0.00655092,0.00788767,0.877717
31.75,0.0065247,0.00788297,0.879394
31.8,0.00651857,0.00788162,0.879772
31.85,0.00653155,0.00788038,0.878718
31.9,0.00653303,0.00787986,0.878573
31.95,0.00653101,0.00787918,0.878683
32,0.0065458,0.00787898,0.877559
32.05,0.00655492,0.00787764,0.876791
32.1,0.00657057,0.00787754,0.875613
32.15,0.00657243,0.00787699,0.875439
32.2,0.104658,-0.204974,-1.09871
32.25,0.106095,-0.203956,-1.09113
32.3,0.104989,-0.197614,-1.08244
32.35,0.00654051,0.00786891,0.877328
32.4,0.00647859,0.00785958,0.881418
32.45,0.0064091,0.00784808,0.885988
32.5,0.00636715,0.00784178,0.88881
32.55,0.00637179,0.00784055,0.888376
32.6,0.00637252,0.00783995,0.888283
32.65,0.00637338,0.00783829,0.888114
32.7,0.00637268,0.00783766,0.888128
32.75,0.006372,0.00783701,0.888139
32.8,0.00637111,0.00783634,0.888166
32.85,0.00637196,0.00783465,0.887995
32.9,0.00637212,0.00783396,0.88794
32.95,0.00640268,0.00783427,0.885616
33,0.00645906,0.00783551,0.881394
33.05,0.00652875,0.00783628,0.87617
33.1,0.00656553,0.00783705,0.873454
33.15,0.115158,-0.203582,-1.05601
33.2,0.00658523,0.00783701,0.871977
33.25,0.120926,-0.210902,-1.05018
33.3,0.113704,-0.200691,-1.05533
33.35,0.00651645,0.00781677,0.875872
33.4,0.00646451,0.0078026,0.878913
33.45,0.00639786,0.00779075,0.883254
33.5,0.00635615,0.00778349,0.886004
33.55,0.0063497,0.00778075,0.886328
33.6,0.0063497,0.00777942,0.886245
33.65,0.00636433,0.0077786,0.885065
33.7,0.00640851,0.00777916,0.881708
33.75,0.00643558,0.00777801,0.879566
33.8,0.00643956,0.00777771,0.879243
33.85,0.00643967,0.00777699,0.87919
33.9,0.00644058,0.0077752,0.879007
33.95,0.127601,-0.214679,-1.03452
34,0.121042,-0.195753,-1.017
34.05,0.119311,-0.188838,-1.00731
34.1,0.00619744,0.00771587,0.894103
34.15,0.00611605,0.00769758,0.899392
34.2,0.00604669,0.0076818,0.903943
34.25,0.00600129,0.00767023,0.906872
34.3,0.00598612,0.00766676,0.90788
34.35,0.00598396,0.00766531,0.907963
34.4,0.00598266,0.00766402,0.907987
34.45,0.00599584,0.00766339,0.906879
34.5,0.00603543,0.00766313,0.903666
34.55,0.00608698,0.00766474,0.899631
34.6,0.0061244,0.00766564,0.896701
34.65,0.00613409,0.00766499,0.895888
34.7,0.00613191,0.00766359,0.895973
34.75,0.00613095,0.00766118,0.895896
34.8,0.00612899,0.00765977,0.895962
34.85,0.00612639,0.00765831,0.896076
34.9,0.00612629,0.00765751,0.896033
34.95,0.00610853,0.00765032,0.89699
35,0.00603647,0.00762838,0.901372
35.05,0.00596294,0.00760724,0.90598
35.1,0.00589028,0.00758398,0.910441
35.15,0.00582421,0.00756049,0.914399
35.2,0.00577053,0.00753726,0.917386
35.25,0.00571208,0.00751205,0.920679
35.3,0.00565612,0.00748744,0.923839
35.35,0.00561061,0.00746309,0.926157
35.4,0.00556183,0.00743797,0.928729
35.45,0.00551631,0.00741256,0.931027
35.5,0.0054768,0.00738604,0.932753
35.55,0.00545004,0.00736121,0.933485
35.6,0.00542758,0.00733603,0.933821
35.65,0.00539882,0.00730955,0.934632
35.7,0.00536465,0.00728203,0.935864
35.75,0.00533223,0.00725308,0.936856
35.8,0.00530108,0.00722481,0.937788
35.85,0.00527195,0.00719626,0.938527
35.9,0.00524491,0.00716744,0.939066
35.95,0.00521956,0.00713834,0.939436
36,0.00519576,0.00710896,0.939649
36.05,0.00517463,0.00707838,0.939535
36.1,0.00515422,0.00704853,0.939405
36.15,0.00513981,0.00701901,0.93874
36.2,0.00512731,0.00698939,0.937884
36.25,0.00511897,0.00696192,0.936781
36.3,0.00510246,0.00693029,0.93615
36.35,0.00508543,0.006899,0.935586
36.4,0.00506929,0.0068674,0.934911
36.45,0.00505388,0.00683585,0.934166
36.5,0.00503916,0.00680404,0.93333
36.55,0.00502512,0.00677197,0.932405
36.6,0.00501306,0.00673894,0.931215
36.65,0.00500141,0.00670674,0.930034
36.7,0.00499336,0.00667475,0.928514
36.75,0.00498716,0.00664274,0.926804
36.8,0.00497944,0.00661001,0.925176
36.85,0.00497364,0.00657744,0.92336
36.9,0.0049699,0.00654445,0.921302
36.95,0.00496485,0.00651194,0.919392
37,0.00495986,0.00647924,0.917449
37.05,0.00495492,0.00644636,0.915472
37.1,0.00494999,0.00641314,0.913457
37.15,0.00494516,0.00637983,0.911409
37.2,0.00494176,0.00634558,0.909134
37.25,0.00493723,0.00631213,0.907015
37.3,0.00493276,0.00627855,0.904866
37.35,0.00492832,0.00624461,0.902669
37.4,0.00492393,0.0062105,0.900437
37.45,0.0049196,0.00617623,0.898169
37.5,0.00491534,0.00614182,0.895868
37.55,0.00491254,0.00610646,0.893328
37.6,0.00490827,0.00607175,0.890968
37.65,0.00490421,0.00603694,0.88856
37.7,0.00490028,0.00600199,0.88611
37.75,0.00489641,0.00596691,0.883623
37.8,0.00489256,0.00593161,0.881098
37.85,0.00488889,0.00589633,0.878538
37.9,0.00488661,0.00586018,0.875743
37.95,0.00488302,0.00582467,0.873114
38,0.0048796,0.00578908,0.87044
38.05,0.00487623,0.00575338,0.867731
38.1,0.00487291,0.00571758,0.864988
38.15,0.00487136,0.00568224,0.862082
38.2,0.00488237,0.00565078,0.858221
38.25,0.00488057,0.005614,0.855171
38.3,0.00487739,0.00557782,0.852291
38.35,0.00487425,0.00554158,0.84938
38.4,0.00487112,0.00550525,0.846436
38.45,0.00486803,0.00546887,0.843459
38.5,0.00486503,0.00543248,0.840447
38.55,0.00486218,0.00539607,0.837396
38.6,0.00485931,0.00535957,0.834313
38.65,0.00485789,0.00532236,0.830991
38.7,0.00485505,0.00528578,0.827847
38.75,0.00485226,0.00524919,0.824673
38.8,0.00484951,0.0052126,0.821468
38.85,0.00484673,0.00517595,0.818234
38.9,0.00484392,0.00513922,0.81497
38.95,0.00484105,0.00510245,0.811682
39,0.00483823,0.00506579,0.808371
39.05,0.00483683,0.00502846,0.804821
39.1,0.00483412,0.00499187,0.801452
39.15,0.00483146,0.00495535,0.798057
39.2,0.00482864,0.00491868,0.794636
39.25,0.00482573,0.00488194,0.791188
39.3,0.00482271,0.00484515,0.787719
39.35,0.00481969,0.00480838,0.784224
39.4,0.00481645,0.00477158,0.780719
39.45,0.00480446,0.00473209,0.77781
39.5,0.00479616,0.00469275,0.774501
39.55,0.00478775,0.00465455,0.771292
39.6,0.00478011,0.00461669,0.768009
39.65,0.00477284,0.00457908,0.764682
39.7,0.00476573,0.00454164,0.761327
39.75,0.00475874,0.00450438,0.757946
39.8,0.00475191,0.00446726,0.754532
39.85,0.00474469,0.00443013,0.751126
39.9,0.00473662,0.00439296,0.747773
39.95,0.00472751,0.00435564,0.744481
40,0.00471846,0.00431743,0.741045
40.05,0.00470655,0.00427943,0.737902
40.1,0.00469318,0.00424088,0.734815
40.15,0.0046772,0.00420118,0.731834
40.2,0.00465765,0.00416002,0.729022
40.25,0.00463381,0.00411673,0.726376
40.3,0.00460879,0.00407283,0.723742
40.35,0.00457994,0.00402707,0.721251
40.4,0.00455219,0.00398162,0.718637
40.45,0.00452663,0.00393693,0.715835
40.5,0.00450219,0.00389278,0.712934
40.55,0.00447778,0.00384893,0.710019
40.6,0.00445417,0.00380464,0.706913
40.65,0.00442944,0.00376121,0.703993
40.7,0.00440505,0.00371803,0.701023
40.75,0.00438034,0.00367492,0.698049
40.8,0.00435574,0.003632,0.695039
40.85,0.0043319,0.00358953,0.691955
40.9,0.004309,0.00354743,0.688763
40.95,0.00428754,0.00350572,0.685412
41,0.00426753,0.00346468,0.681938
41.05,0.00424564,0.00342395,0.67867
41.1,0.00422033,0.00338278,0.675681
41.15,0.00419411,0.00334177,0.672773
41.2,0.00416864,0.00330128,0.669802
41.25,0.0041635,0.00326549,0.665102
41.3,0.00413498,0.00322378,0.6622
41.35,0.00410315,0.00318242,0.659687
41.4,0.00406921,0.00314083,0.657341
41.45,0.00403399,0.00309923,0.655096
41.5,0.00399979,0.00305792,0.65273
41.55,0.00396772,0.00301701,0.650116
41.6,0.00393735,0.00297635,0.647284
41.65,0.00390184,0.00293514,0.644938
41.7,0.00386256,0.00289369,0.642966
41.75,0.00381767,0.00285186,0.641589
41.8,0.00376731,0.00280944,0.640769
41.85,0.00371377,0.00276686,0.640311
41.9,0.00365597,0.00272393,0.640334
41.95,0.00359468,0.0026808,0.640787
42,0.00352909,0.00263733,0.641778
42.05,0.00345949,0.00259361,0.643314
42.1,0.0033944,0.00255041,0.644371
42.15,0.00333769,0.00250768,0.644346
42.2,0.00328015,0.00246449,0.644355
42.25,0.00321291,0.00242037,0.645625
42.3,0.00313045,0.00237454,0.648938
42.35,0.00303017,0.00232798,0.655089
42.4,0.00292278,0.0022809,0.662667
42.45,0.00280713,0.0022331,0.671998
42.5,0.00268297,0.00218485,0.683423
42.55,0.00257126,0.00213741,0.69352
42.6,0.00246182,0.00208939,0.703749
42.65,0.00233042,0.00203986,0.719011
42.7,0.00216912,0.00198889,0.74208
42.75,0.00199927,0.00193736,0.769673
42.8,0.00184609,0.00188633,0.796177
42.85,0.00170264,0.00183486,0.822757
42.9,0.00156451,0.00178228,0.850376
42.95,0.00142664,0.00172826,0.880709
43,0.00125598,0.00167196,0.926527
43.05,0.00102946,0.00161456,1.00318
43.1,0.000776365,0.00155655,1.10813
43.15,0.000506065,0.0014979,1.24499
43.2,0.00021917,0.00143906,1.41966
43.25,0.000121141,0.00142105,1.48575
43.3,0.000112508,0.00141929,1.49169
43.35,0.000105162,0.00141712,1.49672
43.4,9.77954e-05,0.00141463,1.50177
43.45,8.60664e-05,0.00141193,1.50992
43.5,0.000115651,0.00141109,1.48902
43.55,0.000194387,0.00141016,1.43381
43.6,0.00027916,0.00140875,1.37517
43.65,0.000325411,0.00140676,1.34348
43.7,0.000327485,0.00140565,1.3419
43.75,0.000322087,0.00140508,1.34546
43.8,0.000314051,0.00140365,1.35068
43.85,0.00030009,0.001401,1.35979
43.9,0.000330255,0.00140003,1.33914
43.95,0.000383222,0.00139911,1.30345
44,0.00042679,0.00140019,1.27493
44.05,0.000445832,0.00139159,1.26075
44.1,0.000389833,0.00136154,1.29194
44.15,0.000216365,0.00130974,1.40708
44.2,-2.02339e-05,0.00125436,1.58693
44.25,-0.000258198,0.00120137,1.7825
44.3,-0.000352675,0.00117785,1.86172
44.35,-0.000330908,0.00117694,1.84488
44.4,-0.000284211,0.00117726,1.80768
44.45,-0.000205971,0.00117673,1.74408
44.5,-0.000168548,0.00117568,1.71319
44.55,-0.000168466,0.00117491,1.71321
44.6,-0.000166236,0.00117412,1.71144
44.65,-0.000164594,0.00117322,1.71018
44.7,-0.000167758,0.00117206,1.71296
44.75,-0.000156167,0.00117153,1.70332
44.8,-0.000112699,0.00117348,1.66654
44.85,-4.72996e-05,0.00117516,1.61102
44.9,6.07039e-05,0.00117857,1.51934
44.95,8.65452e-05,0.00116793,1.49683
45,-3.23007e-05,0.00112993,1.59937
45.05,-0.000167167,0.00108901,1.72311
45.1,-0.000291335,0.00105018,1.8414
45.15,-0.000419941,0.00101259,1.96393
45.2,-0.000454053,0.000996901,1.99819
45.25,-0.000425115,0.000996351,1.97408
45.3,-0.000367717,0.000997493,1.92398
45.35,-0.000259966,0.000998269,1.82555
45.4,-0.000188574,0.00099813,1.75752
45.45,-0.000201063,0.000990675,1.77103
45.5,-0.000270033,0.00096382,1.84396
45.55,-0.000335793,0.000935279,1.91549
45.6,-0.000364433,0.000908625,1.95223
45.65,-0.000356231,0.00088259,1.95442
45.7,-0.000349956,0.000871215,1.95276
45.75,-0.000352509,0.000870353,1.95562
45.8,-0.000355879,0.00086591,1.96074
45.85,-0.000349702,0.000847369,1.9622
45.9,-0.000263967,0.000823106,1.88113
45.95,-0.000151811,0.000797769,1.75884
46,7.82552e-06,0.000776435,1.56072
46.05,0.000100785,0.000750322,1.43727
46.1,0.000132377,0.000727289,1.39075
46.15,0.000157105,0.000705358,1.35164
46.2,0.000185635,0.000683297,1.30552
46.25,0.000218408,0.000660755,1.25156
46.3,0.000252722,0.000637742,1.1935
46.35,0.000262124,0.000616191,1.16859
46.4,0.000293575,0.000604406,1.11863
46.45,0.00036969,0.000596042,1.01563
46.5,0.000454245,0.000589439,0.914216
46.55,0.00048858,0.000586614,0.876325
46.6,0.000487613,0.000586658,0.877336
46.65,0.000487938,0.000586577,0.876941
46.7,0.000484441,0.00058664,0.880526
46.75,0.000484583,0.000586374,0.88016
46.8,0.000518402,0.000584545,0.845296
46.85,0.00057251,0.000581469,0.793162
46.9,0.000653108,0.000577422,0.723969
46.95,0.000697241,0.000575477,0.690016
47,0.00070927,0.000575464,0.681621
47.05,0.000712341,0.000576434,0.680332
47.1,0.000712728,0.00057748,0.680953
47.15,0.000743904,0.000577549,0.660169
47.2,0.000792599,0.000576782,0.629082
47.25,0.000866747,0.000575171,0.585874
47.3,0.000909264,0.000574543,0.563529
47.35,0.000913351,0.000575688,0.562404
47.4,0.000916739,0.000577171,0.561894
47.45,0.000924111,0.000578363,0.559216
47.5,0.000954054,0.000579263,0.545667
47.55,0.0010066,0.000579709,0.522519
47.6,0.00102677,0.000580818,0.514796
47.65,0.00103189,0.000582135,0.51364
47.7,0.00106162,0.000583057,0.502241
47.75,0.00113172,0.000582535,0.475366
47.8,0.00120936,0.000580614,0.447602
47.85,0.00126898,0.00057907,0.428104
47.9,0.0012765,0.000578482,0.425493
47.95,0.00127609,0.000578064,0.425343
48,0.00127663,0.000577628,0.424901
48.05,0.0012773,0.00057721,0.424432
48.1,0.00127539,0.000576837,0.424752
48.15,0.00128062,0.000576504,0.423
48.2,0.00130269,0.000576108,0.416385
48.25,0.00134617,0.000575661,0.404096
48.3,0.00141017,0.000575078,0.387219
48.35,0.00149471,0.000574482,0.366937
48.4,0.00155478,0.000573845,0.353574
48.45,0.00156356,0.000573366,0.351478
48.5,0.00156304,0.000572964,0.35136
48.55,0.00156255,0.000572581,0.351246
48.6,0.00156208,0.000572211,0.351134
48.65,0.00156162,0.000571832,0.351014
48.7,0.0015614,0.000571462,0.350851
48.75,0.00156453,0.00057118,0.350046
48.8,0.00158385,0.000571164,0.346102
48.85,0.00162898,0.000571675,0.337513
48.9,0.00169919,0.000572657,0.325063
48.95,0.00178655,0.000574045,0.310895
49,0.00184947,0.000574988,0.301421
49.05,0.00186311,0.000574917,0.299308
49.1,0.00186194,0.00057454,0.299302
49.15,0.00186079,0.000574195,0.299306
49.2,0.00186147,0.000573962,0.299088
49.25,0.00187711,0.000574281,0.296896
49.3,0.00191568,0.000575305,0.291744
49.35,0.00197615,0.00057707,0.284118
49.4,0.00204867,0.000579879,0.275836
49.45,0.00205935,0.000570369,0.270193
49.5,0.00193157,0.000532412,0.268959
49.55,0.00176436,0.000490111,0.270952
49.6,0.00158626,0.00044765,0.275051
49.65,0.00139741,0.000405369,0.282336
49.7,0.00121656,0.000364161,0.290849
49.75,0.00107609,0.000324772,0.293114
49.8,0.000960937,0.00028561,0.288905
49.85,0.000846377,0.000245651,0.282477
49.9,0.000693134,0.000204182,0.286475
49.95,0.000468674,0.000160691,0.330303
50,0.000175642,0.000115289,0.58085
50.05,-0.000145974,6.85378e-05,2.70262
50.1,-0.000498669,2.01425e-05,3.10122
50.15,-0.000870451,-2.8064e-05,-3.10936
50.2,-0.00111082,-5.83941e-05,-3.08907
50.25,-0.00113447,-7.07886e-05,-3.07928
50.3,-0.00098905,-6.9813e-05,-3.07112
50.35,-0.000786714,-6.59048e-05,-3.05802
50.4,-0.00058776,-6.19605e-05,-3.03656
50.45,-0.000442965,-5.87994e-05,-3.00962
50.5,-0.000383518,-5.73307e-05,-2.99321
50.55,-0.000389848,-5.74939e-05,-2.99517
50.6,-0.000400577,-5.7807e-05,-2.99827
50.65,-0.000411096,-5.80722e-05,-3.00126
50.7,-0.000421825,-5.83604e-05,-3.00411
50.75,-0.000421223,-5.78814e-05,-3.00504
50.8,-0.000367849,-5.52584e-05,-2.99249
50.85,-0.00022671,-4.90463e-05,-2.92854
50.9,-4.88896e-05,-4.12839e-05,-2.44034
50.95,0.000126662,-3.3419e-05,-0.257965
51,0.000248087,-2.75952e-05,-0.110777
51.05,0.000328885,-2.32427e-05,-0.0705539
51.1,0.000359629,-1.67708e-05,-0.0465998
51.15,0.000380649,-7.85547e-06,-0.0206341
51.2,0.000385925,-9.5704e-07,-0.00247985
51.25,0.0003821,1.95448e-06,0.00511505
51.3,0.000388547,5.86303e-06,0.0150885
51.35,0.000435338,1.26583e-05,0.0290686
51.4,0.000566014,2.53492e-05,0.0447556
51.45,0.000698925,3.85791e-05,0.0551417
51.5,0.000770709,4.77421e-05,0.0618667
51.55,0.000781389,5.24307e-05,0.066999
51.6,0.000784711,5.67597e-05,0.0722062
51.65,0.000805038,6.28216e-05,0.0778778
51.7,0.00089849,7.50706e-05,0.0833584
51.75,0.00104275,9.17216e-05,0.0877351
51.8,0.00118481,0.000108695,0.0914844
51.85,0.00129416,0.000123465,0.0951137
51.9,0.00134051,0.00013331,0.0991214
51.95,0.00134435,0.000139634,0.103497
52,0.00134473,0.000145897,0.108073
52.05,0.00134646,0.00015297,0.113124
52.1,0.00135608,0.000161329,0.11841
52.15,0.00140079,0.000173961,0.123555
52.2,0.00150521,0.000193286,0.127712
52.25,0.00163296,0.000215749,0.13136
52.3,0.00175917,0.000239041,0.135056
52.35,0.00191352,0.000265783,0.138014
52.4,0.00197037,0.00028377,0.143035
52.45,0.0019833,0.000297946,0.149113
52.5,0.00198989,0.000312345,0.155696
52.55,0.00200348,0.00032924,0.162878
52.6,0.00202847,0.000349017,0.170391
52.65,0.00210485,0.000376405,0.176957
52.7,0.0022153,0.00040903,0.182582
52.75,0.00232343,0.000443144,0.188465
52.8,0.00241152,0.000477168,0.195347
52.85,0.00246611,0.000509331,0.203668
52.9,0.00248959,0.000541069,0.214005
52.95,0.00247166,0.000552849,0.220053
53,0.00235498,0.000516556,0.215927
53.05,0.0022169,0.000471896,0.209732
53.1,0.00211474,0.000431922,0.201473
53.15,0.00205631,0.000397733,0.191061
53.2,0.00201205,0.000365469,0.179681
53.25,0.00196881,0.000333831,0.167963
53.3,0.00189213,0.000298304,0.156368
53.35,0.00176686,0.000257262,0.144588
53.4,0.0015751,0.00020824,0.131445
53.45,0.00134917,0.000156036,0.115142
53.5,0.00110229,0.000101636,0.0919446
53.55,0.000838365,4.61969e-05,0.0550479
53.6,0.000565108,-9.90828e-06,-0.0175316
53.65,0.000324479,-6.15838e-05,-0.187562
53.7,0.000170395,-0.000102484,-0.541485
53.75,8.32361e-05,-0.000134589,-1.01692
53.8,0.000176606,-0.000112055,-0.565396
53.85,0.000328429,-5.7979e-05,-0.174734
53.9,0.000395191,-8.19009e-06,-0.0207214
53.95,0.000433606,4.4715e-05,0.10276
54,0.000412084,8.06126e-05,0.193182
54.05,0.000186424,5.54724e-05,0.289217
54.1,-0.000153443,-1.53011e-06,-3.13162
54.15,-0.000473261,-5.73937e-05,-3.02091
54.2,-0.000659298,-9.68869e-05,-2.99568
54.25,-0.000658627,-9.4909e-05,-2.99848
54.3,-0.000621808,-7.95609e-05,-3.01433
54.35,-0.000664515,-7.1825e-05,-3.03392
54.4,-0.000781229,-7.18523e-05,-3.04988
54.45,-0.00102335,-8.90808e-05,-3.05476
54.5,-0.00126761,-0.000101055,-3.06204
54.55,-0.00141942,-8.08363e-05,-3.0847
54.6,-0.00144514,-1.74496e-05,-3.12952
54.65,-0.00140205,7.09286e-05,3.09105
54.7,-0.00120616,0.000193939,2.98217
54.75,-0.000854116,0.000350863,2.75182
54.8,-0.000496904,0.000518348,2.33508
54.85,-0.000230902,0.000682325,1.8971
54.9,-0.000101847,0.000836888,1.6919
54.95,2.65697e-05,0.00100343,1.54432
55,0.000158688,0.00118411,1.43758
55.05,0.0002966,0.00138044,1.35915
55.1,0.000467017,0.00159458,1.28589
55.15,0.000781219,0.00184315,1.1699
55.2,0.00122049,0.00212765,1.04999
55.25,0.00173042,0.0024408,0.954085
55.3,0.00207826,0.00260366,0.897149
55.35,0.00225482,0.00264081,0.864077
55.4,0.0023005,0.00265415,0.856654
55.45,0.00229315,0.00265723,0.858812
55.5,0.00227992,0.00265848,0.861904
55.55,0.00226789,0.00266143,0.865067
55.6,0.00225717,0.00266623,0.868293
55.65,0.00226484,0.00267436,0.868122
55.7,0.00233245,0.00269289,0.857
55.75,0.00252768,0.00273376,0.824546
55.8,0.00277507,0.00278368,0.786947
55.85,0.00301934,0.00283332,0.753625
55.9,0.00325917,0.00292197,0.730898
55.95,0.0035013,0.00311105,0.726448
56,0.00371953,0.00337026,0.736174
56.05,0.00393623,0.0036799,0.751754
56.1,0.00401066,0.00380897,0.759612
56.15,0.00399375,0.00380865,0.761679
56.2,0.00397029,0.0037997,0.763447
56.25,0.0039653,0.00379759,0.763798
56.3,0.00401918,0.0038053,0.75807
56.35,0.00415511,0.00382839,0.744497
56.4,0.00432153,0.00385411,0.728288
56.45,0.00449434,0.00388123,0.712327
56.5,0.00463192,0.00390154,0.700016
56.55,0.00468879,0.00390456,0.69439
56.6,0.004723,0.00396353,0.698189
56.65,0.00487055,0.00420323,0.711986
56.7,0.00505073,0.00449554,0.727306
56.75,0.00524617,0.00480568,0.741605
56.8,0.00536128,0.00494362,0.744891
56.85,0.00544463,0.00494729,0.737577
56.9,0.00556214,0.00495041,0.727273
56.95,0.00566652,0.00494817,0.717826
57,0.00574429,0.00494592,0.710855
57.05,0.0057608,0.00493061,0.707903
57.1,0.00572903,0.00489966,0.707525
57.15,0.00568884,0.00486653,0.70765
57.2,0.00568716,0.00488622,0.709791
57.25,0.00581583,0.00506028,0.716041
57.3,0.00605794,0.00533922,0.72242
57.35,0.00632788,0.00562648,0.726792
57.4,0.00658271,0.00591349,0.731895
57.45,0.00674731,0.00606761,0.732408
57.5,0.00676597,0.0060523,0.729779
57.55,0.00673524,0.00600848,0.728432
57.6,0.00670123,0.00597309,0.728011
57.65,0.00666544,0.00592838,0.726939
57.7,0.00664318,0.00588726,0.725145
57.75,0.00665971,0.00585619,0.721287
57.8,0.00672347,0.0058588,0.716784
57.85,0.00687403,0.00601172,0.718578
57.9,0.00704423,0.0062099,0.722532
57.95,0.00719771,0.00639836,0.726673
58,0.00730626,0.00656831,0.732261
58.05,0.00737374,0.0067212,0.739135
58.1,0.00740621,0.00685666,0.746887
58.15,0.00742259,0.00697833,0.754559
58.2,0.00742745,0.00708666,0.761922
58.25,0.00742359,0.00718172,0.768839
58.3,0.00731361,0.00712516,0.772347
58.35,0.00696684,0.0067137,0.766896
58.4,0.00661101,0.0062516,0.757463
58.45,0.00628043,0.00580252,0.745866
58.5,0.00597251,0.00536967,0.732297
58.55,0.00567638,0.00495048,0.717196
58.6,0.00539123,0.0045486,0.700827
58.65,0.0051052,0.00415947,0.683672
58.7,0.00481554,0.00378219,0.665784
58.75,0.00452514,0.00342013,0.647206
58.8,0.00423307,0.00307513,0.628261
58.85,0.00393643,0.00274712,0.609296
58.9,0.00364772,0.00244682,0.590846
58.95,0.00334364,0.00213264,0.567765
59,0.00303701,0.00183324,0.543088
59.05,0.00273101,0.00154861,0.515836
59.1,0.00246159,0.00128674,0.481665
59.15,0.0022679,0.00105634,0.435897
59.2,0.00212326,0.000848569,0.380208
59.25,0.00201282,0.000659916,0.316813
59.3,0.00191868,0.000485328,0.247752
59.35,0.00182421,0.000321242,0.174312
59.4,0.00168595,0.000157354,0.0930626
59.45,0.00150969,-3.98627e-06,-0.00264044
59.5,0.00149303,-4.40256e-05,-0.0294789
59.55,0.00154352,-3.25813e-05,-0.0211053
59.6,0.0015649,-2.77116e-05,-0.0177064
59.65,0.00156578,-2.75102e-05,-0.0175678
59.7,0.00157342,-2.59758e-05,-0.0165076
59.75,0.00162678,-1.42488e-05,-0.00875868
59.8,0.00175123,1.33255e-05,0.00760908
59.85,0.00190938,4.83451e-05,0.0253144
59.9,0.00206881,8.37244e-05,0.0404478
59.95,0.00220986,0.00011523,0.0520966
60,0.00230918,0.000137329,0.0594009
60.05,0.00235669,0.000147888,0.06267
60.1,0.00236615,0.000150039,0.0633259
60.15,0.00236459,0.00014976,0.0632499
60.2,0.00236304,0.00014952,0.0631903
60.25,0.00236325,0.000149776,0.0632925
60.3,0.0023923,0.000156696,0.0654066
60.35,0.00246663,0.000174073,0.0704544
60.4,0.00257519,0.000199753,0.0774132
60.45,0.00265589,0.000191311,0.0719084
60.5,0.00263076,9.99031e-05,0.0379568
60.55,0.00257328,-9.58095e-06,-0.00372323
60.6,0.00251911,-0.00011059,-0.0438723
60.65,0.0025514,-0.000123779,-0.0484759
60.7,0.00256996,-0.000117829,-0.0458164
60.75,0.00263366,-0.000115529,-0.0438382
60.8,0.00262844,-0.00011517,-0.043789
60.85,0.00262468,-0.000112793,-0.0429475
60.9,0.00262219,-0.000110216,-0.0420072
60.95,0.00263951,-0.000102956,-0.0389858
61,0.00269447,-8.69065e-05,-0.0322425
61.05,0.00277915,-6.33734e-05,-0.0227992
61.1,0.00283686,-6.99005e-05,-0.0246351
61.15,0.00281613,-0.000140651,-0.0499034
61.2,0.00277304,-0.000221446,-0.0796875
61.25,0.00273574,-0.000290043,-0.105625
61.3,0.00270216,-0.000331747,-0.12216
61.35,0.0026367,-0.000374194,-0.140976
61.4,0.00261313,-0.000364446,-0.138573
61.45,0.00263018,-0.000323234,-0.122281
61.5,0.00265344,-0.000277985,-0.104383
61.55,0.00266856,-0.000247198,-0.0923699
61.6,0.00263763,-0.000264293,-0.0998676
61.65,0.00260597,-0.000294058,-0.112365
61.7,0.0025905,-0.000320211,-0.122986
61.75,0.00257704,-0.000343359,-0.132458
61.8,0.00255925,-0.000365234,-0.141754
61.85,0.00253732,-0.000385911,-0.150937
61.9,0.00248464,-0.000412056,-0.164346
61.95,0.00238684,-0.000447038,-0.185148
62,0.00225895,-0.000487827,-0.212687
62.05,0.00211824,-0.00053095,-0.245596
62.1,0.00196647,-0.000574614,-0.284292
62.15,0.00180221,-0.000619397,-0.331039
62.2,0.00165632,-0.000659355,-0.378854
62.25,0.00156502,-0.000682198,-0.411069
62.3,0.00163289,-0.00063916,-0.373096
62.35,0.00183453,-0.00053611,-0.284316
62.4,0.00202498,-0.000431546,-0.20997
62.45,0.00217788,-0.000339585,-0.154679
62.5,0.0022252,-0.000302734,-0.135218
62.55,0.00219672,-0.000296666,-0.134237
62.6,0.00215202,-0.000293058,-0.135345
62.65,0.00208154,-0.000293859,-0.140247
62.7,0.00194476,-0.00030973,-0.157937
62.75,0.00179445,-0.000327815,-0.18069
62.8,0.00163251,-0.000347779,-0.209896
62.85,0.00145851,-0.000369582,-0.248173
62.9,0.00127329,-0.000393093,-0.29944
62.95,0.00111852,-0.000407767,-0.349586
63,0.00103284,-0.000401751,-0.370967
63.05,0.00103695,-0.000368602,-0.341538
63.1,0.00108326,-0.000321536,-0.288539
63.15,0.00114124,-0.000268561,-0.231118
63.2,0.00117426,-0.00021967,-0.184933
63.25,0.0011383,-0.000187168,-0.162969
63.3,0.00106415,-0.000163318,-0.152285
63.35,0.00095608,-0.00014707,-0.15263
63.4,0.00080866,-0.000140003,-0.17143
63.45,0.000614401,-0.000145491,-0.232518
63.5,0.000381038,-0.000160717,-0.399146
63.55,0.000176618,-0.000165886,-0.754075
63.6,-3.17013e-05,-0.000168954,-1.75627
63.65,-0.000277568,-0.00018192,-2.56142
63.7,-0.000257539,-8.62626e-05,-2.81839
63.75,3.44938e-06,0.000111482,1.53987
63.8,0.000370178,0.000364991,0.778343
63.85,0.000754243,0.000645659,0.707988
63.9,0.00110526,0.000930582,0.699809
63.95,0.0014445,0.00122835,0.704706
64,0.00176715,0.00152909,0.713299
64.05,0.00207766,0.00183169,0.722563
64.1,0.00240147,0.00215416,0.731165
64.15,0.00273194,0.00249416,0.73993
64.2,0.0030576,0.00284695,0.749738
64.25,0.00324708,0.0029776,0.742133
64.3,0.00335908,0.00301311,0.731158
64.35,0.00343159,0.00303094,0.723482
64.4,0.00347501,0.00303769,0.718349
64.45,0.00349112,0.0030355,0.715702
64.5,0.003482,0.00302512,0.7153
64.55,0.00346735,0.00301267,0.715346
64.6,0.00345603,0.00300063,0.714984
64.65,0.00349806,0.00300425,0.709601
64.7,0.00357889,0.00301978,0.700869
64.75,0.00361847,0.00302234,0.69587
64.8,0.00361909,0.00301259,0.694196
64.85,0.00366917,0.00301764,0.688269
64.9,0.00376881,0.00303775,0.678402
64.95,0.0039153,0.00307154,0.665216
65,0.0040999,0.00317299,0.658634
65.05,0.00435188,0.00342915,0.667363
65.1,0.00461779,0.00374145,0.680945
65.15,0.00487402,0.00405872,0.69438
65.2,0.00502634,0.00419216,0.695154
65.25,0.00510976,0.00420405,0.688459
65.3,0.00517614,0.00420989,0.682814
65.35,0.00522883,0.0042128,0.678199
65.4,0.00526457,0.00421012,0.674562
65.45,0.00527577,0.00419969,0.672317
65.5,0.00526492,0.00418244,0.671316
65.55,0.00524897,0.00416332,0.670562
65.6,0.00523584,0.00414479,0.669609
65.65,0.00524162,0.00413161,0.667524
65.7,0.00528767,0.00415985,0.666583
65.75,0.00542391,0.00437191,0.678416
65.8,0.00555845,0.00462147,0.693615
65.85,0.00570383,0.00487414,0.707123
65.9,0.00585073,0.00512812,0.719675
65.95,0.00593588,0.00526821,0.725877
66,0.00596543,0.00525847,0.722494
66.05,0.00600089,0.00524435,0.718222
66.1,0.00597048,0.00512831,0.709664
66.15,0.00577947,0.00476976,0.689975
66.2,0.00551462,0.00432647,0.665246
66.25,0.00524793,0.0039256,0.642238
66.3,0.00504642,0.00367306,0.629177
66.35,0.00487001,0.00344082,0.615096
66.4,0.0047247,0.00322471,0.598899
66.45,0.00458747,0.00300497,0.57991
66.5,0.00445511,0.00279184,0.559792
66.55,0.00431118,0.00257799,0.538931
66.6,0.00414251,0.00236009,0.517861
66.65,0.00396877,0.00214478,0.495454
66.7,0.00378748,0.00193073,0.47143
66.75,0.0035794,0.00171411,0.44661
66.8,0.00334772,0.00149851,0.420874
66.85,0.00313636,0.00129149,0.390619
66.9,0.00297204,0.00110329,0.355456
66.95,0.00285005,0.000931075,0.315758
67,0.0027424,0.000767112,0.272751
67.05,0.00260386,0.000601046,0.226855
67.1,0.00247869,0.000443361,0.176998
67.15,0.00237222,0.000295455,0.12391
67.2,0.00226784,0.000153591,0.0676227
67.25,0.00215464,1.40146e-05,0.0065043
67.3,0.00205073,-0.000113474,-0.0552769
67.35,0.00203216,-0.000132741,-0.0652276
67.4,0.00205434,-8.92413e-05,-0.0434132
67.45,0.00205802,-3.09239e-05,-0.0150249
67.5,0.00205183,2.70713e-05,0.013193
67.55,0.00205198,8.78861e-05,0.0428038
67.6,0.00207975,0.000155561,0.0746587
67.65,0.00216215,0.000237822,0.109553
67.7,0.00228403,0.000331681,0.144209
67.75,0.00240762,0.000427668,0.175798
67.8,0.00244387,0.000449934,0.182069
67.85,0.00230783,0.000317092,0.136543
67.9,0.0021164,0.000164523,0.077581
67.95,0.00191355,1.43897e-05,0.00751973
68,0.00172936,-0.000127204,-0.0734235
68.05,0.00170941,-0.000136418,-0.0796356
68.1,0.00182302,-5.54079e-05,-0.0303842
68.15,0.00194446,2.85691e-05,0.0146915
68.2,0.00203467,0.000108497,0.0532734
68.25,0.0021248,0.000189463,0.0889321
68.3,0.00217847,0.000214357,0.0980825
68.35,0.00211905,0.000118196,0.0557199
68.4,0.00201475,3.4329e-06,0.00170389
68.45,0.00186187,-0.000119248,-0.0639603
68.5,0.00168314,-0.000241487,-0.142502
68.55,0.0015075,-0.000346326,-0.225817
68.6,0.0014632,-0.000320199,-0.215439
68.65,0.00146933,-0.00025832,-0.17403
68.7,0.00150897,-0.000188484,-0.124265
68.75,0.00159755,-0.000109808,-0.0686272
68.8,0.00170227,-2.39197e-05,-0.0140507
68.85,0.0018182,6.43396e-05,0.0353716
68.9,0.00189372,0.000103162,0.054422
68.95,0.00186672,4.55532e-05,0.024398
69,0.00178239,-5.46552e-05,-0.0306544
69.05,0.00169058,-0.000146525,-0.0864557
69.1,0.00157204,-0.00022746,-0.143694
69.15,0.00143554,-0.000298201,-0.204814
69.2,0.00127865,-0.000358433,-0.273307
69.25,0.00113345,-0.000382745,-0.325658
69.3,0.0010581,-0.000331499,-0.30361
69.35,0.00102262,-0.000244222,-0.234429
69.4,0.0010622,-0.000112105,-0.105151
69.45,0.00119379,6.45818e-05,0.0540455
69.5,0.00132979,0.000229295,0.170751
69.55,0.00138891,0.000322407,0.22809
69.6,0.00141425,0.00039622,0.27316
69.65,0.00144039,0.000481122,0.322372
69.7,0.00146913,0.000576152,0.373741
69.75,0.00150146,0.000681794,0.426248
69.8,0.00153702,0.000797555,0.47865
69.85,0.00156796,0.00090087,0.521495
69.9,0.00157983,0.000954469,0.543471
69.95,0.00156043,0.000927347,0.536211
70,0.00149778,0.000798849,0.489974
70.05,0.00141216,0.00062868,0.418847
70.1,0.00131911,0.000457196,0.333637
70.15,0.00122075,0.000291268,0.234218
70.2,0.00110568,0.000124664,0.112274
70.25,0.000956916,-3.93586e-05,-0.0411075
70.3,0.000768723,-0.000203709,-0.259043
70.35,0.000535445,-0.000367537,-0.601549
70.4,0.000260716,-0.000535082,-1.1174
70.45,4.45245e-05,-0.000645735,-1.50195
70.5,-5.21525e-05,-0.000677841,-1.64758
70.55,-0.000137834,-0.00069919,-1.76543
70.6,-0.000203837,-0.000716487,-1.84797
70.65,-0.000217566,-0.000715558,-1.86597
70.7,-0.000217959,-0.000709504,-1.86884
70.75,-0.000195726,-0.000699374,-1.84367
70.8,-0.000177154,-0.000690059,-1.82209
70.85,-0.000139426,-0.000676839,-1.77395
70.9,-6.01689e-05,-0.000656165,-1.66224
70.95,3.61049e-05,-0.000632518,-1.51378
71,0.000170739,-0.000602404,-1.29461
71.05,-0.170889,0.160667,2.38702
71.1,-0.167198,0.153429,2.39911
71.15,-0.168698,0.163361,2.37227
71.2,-0.176717,0.173835,2.36442
71.25,-0.172561,0.166506,2.37405
71.3,-0.163774,0.1602,2.36723
71.35,-0.168753,0.166049,2.36427
71.4,-0.162979,0.162655,2.35719
71.45,-0.166558,0.177092,2.32555
71.5,-0.16507,0.176552,2.32259
71.55,-0.156624,0.174333,2.30274
71.6,-0.164285,0.186719,2.29237
71.65,-0.164483,0.197625,2.26492
71.7,-0.165626,0.202366,2.25668
71.75,-0.161771,0.203437,2.2426
71.8,-0.150542,0.198593,2.21943
71.85,-0.146416,0.198317,2.20676
71.9,-0.140211,0.195521,2.19292
71.95,-0.140545,0.197847,2.18845
72,-0.134963,0.191793,2.184
72.05,-0.140136,0.209478,2.1604
72.1,-0.12716,0.19218,2.15533
72.15,-0.125447,0.195707,2.14081
72.2,-0.000145111,-0.00139645,-1.67434
72.25,-0.000438098,-0.00155402,-1.84558
72.3,-0.000735426,-0.00169717,-1.9797
72.35,-0.00104489,-0.00184024,-2.0872
72.4,-0.00136681,-0.00197751,-2.17557
72.45,-0.00161734,-0.0020901,-2.22936
72.5,-0.00175226,-0.00217474,-2.24902
72.55,-0.00174395,-0.00222684,-2.23518
72.6,-0.00162928,-0.00224371,-2.19886
72.65,-0.00145891,-0.00221887,-2.15243
72.7,-0.131173,0.192363,2.16928
72.75,-0.00121809,-0.00214866,-2.08653
72.8,-0.132113,0.19515,2.16591
72.85,-0.13579,0.206096,2.15338
72.9,-0.132951,0.200043,2.15737
72.95,-0.135806,0.211214,2.14222
73,-0.126971,0.205798,2.1236
73.05,-0.123768,0.213319,2.09653
73.1,-0.106729,0.201926,2.05703
73.15,-0.11455,0.215811,2.05877
73.2,-0.107913,0.199372,2.06691
73.25,-0.105672,0.212382,2.03249
73.3,-0.00268212,-0.0026226,-2.36741
73.35,-0.00291975,-0.00270369,-2.3946
73.4,-0.00307055,-0.00277705,-2.40634
73.45,-0.00315964,-0.00283752,-2.40985
73.5,-0.00329796,-0.00289878,-2.42052
73.55,-0.00345719,-0.00295664,-2.43408
73.6,-0.00361719,-0.00301423,-2.44687
73.65,-0.00369261,-0.00305139,-2.45099
73.7,-0.00363354,-0.00305801,-2.44199
73.75,-0.0034374,-0.00303743,-2.41789
73.8,-0.115112,0.204965,2.08252
73.85,-0.11911,0.212492,2.08169
73.9,-0.116236,0.215976,2.06453
73.95,-0.112633,0.221871,2.04054
74,-0.109308,0.225645,2.02191
74.05,-0.106042,0.237318,1.99102
74.1,-0.0986825,0.224522,1.9849
74.15,-0.0940041,0.227566,1.96253
74.2,-0.0848451,0.208309,1.95758
74.25,-0.00412648,-0.00322003,-2.47896
74.3,-0.00460131,-0.00329401,-2.52028
74.35,-0.0050753,-0.00336336,-2.55635
74.4,-0.00556696,-0.00343049,-2.58933
74.45,-0.00593935,-0.00347641,-2.61204
74.5,-0.00572128,-0.00345189,-2.59872
74.55,-0.00528028,-0.00340602,-2.56871
74.6,-0.103794,0.219111,2.01319
74.65,-0.105439,0.225362,2.00841
74.7,-0.101699,0.226244,1.99324
74.75,-0.103156,0.228493,1.99486
74.8,-0.0984799,0.239563,1.96082
74.85,-0.0937669,0.246233,1.93465
74.9,-0.0814871,0.241737,1.89592
74.95,-0.0822434,0.237298,1.90442
75,-0.0767159,0.233774,1.88789
75.05,-0.0688362,0.229536,1.86215
75.1,-0.0705306,0.226421,1.87277
75.15,-0.00448195,-0.00338616,-2.49457
75.2,-0.00495687,-0.00343995,-2.53492
75.25,-0.00530321,-0.00347962,-2.56092
75.3,-0.00532301,-0.00349043,-2.5612
75.35,-0.00525573,-0.00349279,-2.55504
75.4,-0.00498769,-0.00351685,-2.52745
75.45,-0.00479877,-0.00350715,-2.51046
75.5,-0.00451852,-0.00348917,-2.48404
75.55,-0.0752651,0.226384,1.89177
75.6,-0.0839282,0.233492,1.91586
75.65,-0.0848067,0.2329,1.92001
75.7,-0.0830988,0.241944,1.90164
75.75,-0.0775363,0.250679,1.87077
75.8,-0.0713845,0.253016,1.84578
75.85,-0.0675712,0.250631,1.83414
75.9,-0.0623062,0.248885,1.8161
75.95,-0.0536681,0.243552,1.78769
76,-0.0521537,0.244269,1.78115
76.05,-0.051054,0.226968,1.79205
76.1,-0.0531568,0.222731,1.80507
76.15,-0.00394802,-0.00349917,-2.41639
76.2,-0.00402274,-0.00351317,-2.42371
76.25,-0.00415594,-0.00352901,-2.43759
76.3,-0.00438655,-0.00354799,-2.46149
76.35,-0.00468833,-0.00356806,-2.49106
76.4,-0.00516809,-0.00359801,-2.53342
76.45,-0.00571698,-0.00362946,-2.57594
76.5,-0.00627344,-0.0036585,-2.61364
76.55,-0.0066031,-0.00367531,-2.63369
76.6,-0.00644416,-0.00366923,-2.62399
76.65,-0.0632759,0.225662,1.84418
76.7,-0.0620207,0.236306,1.82747
76.75,-0.0636779,0.24405,1.82603
76.8,-0.0636422,0.254272,1.81605
76.85,-0.0634959,0.257318,1.81272
76.9,-0.0642331,0.261139,1.81198
76.95,-0.0602149,0.267998,1.79181
77,-0.0630824,0.27723,1.79453
77.05,-0.0587471,0.276343,1.78027
77.1,-0.0576665,0.278182,1.7752
77.15,-0.056485,0.274281,1.7739
77.2,-0.0519374,0.274301,1.75793
77.25,-0.0517648,0.269824,1.76034
77.3,-0.0452983,0.272006,1.73582
77.35,-0.0411812,0.270716,1.72176
77.4,-0.0343782,0.262931,1.70081
77.45,-0.0314131,0.258244,1.69184
77.5,-0.0335017,0.249789,1.70412
77.55,-0.0363076,0.243154,1.71902
77.6,-0.0352624,0.232994,1.721
77.65,-0.0390744,0.228281,1.74032
77.7,-0.00525513,-0.00364435,-2.53525
77.75,-0.00524649,-0.00364562,-2.53432
77.8,-0.00521486,-0.00364675,-2.53134
77.85,-0.00523786,-0.00365079,-2.53288
77.9,-0.00524691,-0.0036545,-2.53322
77.95,-0.00517436,-0.00365506,-2.5266
78,-0.00508725,-0.00365483,-2.5186
78.05,-0.00499063,-0.00365399,-2.5096
78.1,-0.00479375,-0.00364906,-2.49096
78.15,-0.00449065,-0.00364033,-2.46039
78.2,-0.0514865,0.230297,1.79075
78.25,-0.0477214,0.229401,1.7759
78.3,-0.042946,0.243053,1.74569
78.35,-0.0353207,0.253789,1.70908
78.4,-0.0299654,0.257299,1.68674
78.45,-0.0280578,0.25388,1.68087
78.5,-0.0272824,0.259569,1.67552
78.55,-0.0231102,0.254176,1.66147
78.6,-0.0252559,0.247497,1.67249
78.65,-0.0222126,0.243168,1.66189
78.7,-0.0231377,0.234371,1.6692
78.75,-0.0347901,0.221525,1.72657
78.8,-0.00454792,-0.00366299,-2.46355
78.85,-0.00501815,-0.00367953,-2.5089
78.9,-0.00551193,-0.0036954,-2.55099
78.95,-0.00593594,-0.00370818,-2.58321
79,-0.00601931,-0.00371096,-2.58912
79.05,-0.00591066,-0.00370838,-2.58126
79.1,-0.0057002,-0.00370312,-2.56547
79.15,-0.00541884,-0.00369678,-2.54291
79.2,-0.0369577,0.223865,1.73441
79.25,-0.0376596,0.231244,1.73224
79.3,-0.0336591,0.237452,1.71161
79.35,-0.0282844,0.248198,1.68427
79.4,-0.020111,0.249581,1.6512
79.45,-0.0179236,0.251233,1.64202
79.5,-0.0155078,0.248421,1.63314
79.55,-0.0180992,0.247593,1.64377
79.6,-0.0171752,0.251703,1.63893
79.65,-0.0186224,0.237329,1.6491
79.7,-0.0217005,0.245229,1.65906
79.75,-0.0228731,0.232562,1.66883
79.8,-0.0214332,0.224371,1.66603
79.85,-0.00507729,-0.00371555,-2.50984
79.9,-0.00508701,-0.00371684,-2.51059
79.95,-0.00504448,-0.00371673,-2.5066
80,-0.00507914,-0.0037186,-2.50963
80.05,-0.00511893,-0.00372154,-2.51296
80.1,-0.00510477,-0.00372415,-2.51131
80.15,-0.00498055,-0.00372466,-2.49947
80.2,-0.00472078,-0.00372257,-2.47387
80.25,-0.00447434,-0.00371901,-2.44812
80.3,-0.0347037,0.227661,1.72207
80.35,-0.0289018,0.240397,1.69045
80.4,-0.0205951,0.255115,1.65135
80.45,-0.0265744,0.249662,1.67684
80.5,-0.0225584,0.254474,1.65921
80.55,-0.0144791,0.257871,1.62689
80.6,-0.012528,0.266544,1.61776
80.65,-0.00785151,0.261082,1.60086
80.7,-0.0142603,0.260656,1.62545
80.75,-0.00883836,0.261861,1.60454
80.8,-0.00780391,0.268494,1.59985
80.85,-0.006763,0.261691,1.59663
80.9,-0.00611419,0.259959,1.59431
80.95,-0.00826764,0.262521,1.60228
81,-0.0106231,0.255255,1.61239
81.05,-0.0107253,0.248693,1.6139
81.1,-0.0168548,0.243687,1.63985
81.15,-0.0104807,0.243665,1.61378
81.2,-0.0218494,0.235259,1.6634
81.25,-0.0197497,0.226128,1.65791
81.3,-0.00538723,-0.0037726,-2.53067
81.35,-0.00561244,-0.00377946,-2.54894
81.4,-0.00567037,-0.00378213,-2.55336
81.45,-0.00565707,-0.00378301,-2.55217
81.5,-0.00570524,-0.00378533,-2.5558
81.55,-0.00576637,-0.00378779,-2.5604
81.6,-0.00586895,-0.00379079,-2.5681
81.65,-0.00593498,-0.00379279,-2.57295
81.7,-0.00591113,-0.0037926,-2.57114
81.75,-0.00557482,-0.00378781,-2.54479
81.8,-0.0286986,0.223664,1.69841
81.85,-0.0387293,0.229571,1.73793
81.9,-0.0305183,0.231969,1.70161
81.95,-0.0238862,0.240219,1.66991
82,-0.0207,0.245344,1.65497
82.05,-0.0164252,0.24682,1.63725
82.1,-0.0140325,0.250079,1.62685
82.15,-0.00932655,0.251946,1.6078
82.2,-0.00842386,0.249903,1.60449
82.25,-0.00371123,0.250256,1.58562
82.3,-0.00290364,0.246642,1.58257
82.35,-0.00214499,0.246764,1.57949
82.4,-0.0081405,0.238257,1.60495
82.45,-0.005854,0.231944,1.59603
82.5,-0.0107538,0.232711,1.61697
82.55,-0.00189342,-0.00374769,-2.03861
82.6,-0.00200509,-0.00375352,-2.06142
82.65,-0.00214935,-0.00375907,-2.0902
82.7,-0.00229286,-0.00376391,-2.11793
82.75,-0.00242486,-0.00376805,-2.14261
82.8,-0.00255935,-0.00377199,-2.16696
82.85,-0.00279162,-0.00377765,-2.20721
82.9,-0.00310511,-0.00378461,-2.25789
82.95,-0.00335526,-0.00378989,-2.29544
83,-0.0298954,0.224781,1.70302
83.05,-0.0282954,0.225362,1.6957
83.1,-0.030298,0.230942,1.70124
83.15,-0.0250048,0.242843,1.6734
83.2,-0.0177385,0.2378,1.64525
83.25,-0.011455,0.235364,1.61943
83.3,-0.0144619,0.234108,1.63249
83.35,-0.0168867,0.232266,1.64337
83.4,-0.0107011,0.224719,1.61838
83.45,-0.0160868,0.230538,1.64046
83.5,-0.00566351,-0.00384215,-2.54551
83.55,-0.00566723,-0.00384565,-2.54539
83.6,-0.00560289,-0.00384722,-2.53988
83.65,-0.00552227,-0.00384845,-2.53295
83.7,-0.005427,-0.00384944,-2.52464
83.75,-0.00532088,-0.00385019,-2.5152
83.8,-0.00520321,-0.00385064,-2.50449
83.85,-0.00498556,-0.00384927,-2.48411
83.9,-0.00464328,-0.00384615,-2.44982
83.95,-0.0206133,0.228173,1.66089
84,-0.0260953,0.229108,1.68421
84.05,-0.0236949,0.237137,1.67039
84.1,-0.0165868,0.233079,1.64184
84.15,-0.0129356,0.239853,1.62468
84.2,-0.0115778,0.236127,1.61979
84.25,-0.00125914,0.240039,1.57604
84.3,-0.0049261,0.236253,1.59164
84.35,-0.00498051,0.231679,1.59229
84.4,-0.0108534,0.225721,1.61884
84.45,-0.00425575,-0.0038667,-2.40406
84.5,-0.00478531,-0.00387591,-2.46081
84.55,-0.00520307,-0.00388323,-2.50044
84.6,-0.00529011,-0.00388716,-2.50789
84.65,-0.0052285,-0.00388916,-2.50205
84.7,-0.00516075,-0.00389083,-2.49558
84.75,-0.0049832,-0.00389046,-2.47872
84.8,-0.0210747,0.228357,1.66282
84.85,-0.0221697,0.230237,1.66679
84.9,-0.0218829,0.234315,1.66392
84.95,-0.0186339,0.241229,1.64789
85,-0.0114606,0.245287,1.61749
85.05,-0.00224232,0.246945,1.57988
85.1,-0.00728792,0.246083,1.6004
85.15,-0.000817366,0.244721,1.57414
85.2,-0.00401066,0.238874,1.58758
85.25,-0.00601978,0.237005,1.59619
85.3,-0.00757234,0.232223,1.60339
85.35,-0.0147822,0.230605,1.63481
85.4,-0.0216711,0.220862,1.6686
85.45,-0.0021878,-0.0038932,-2.08277
85.5,-0.00223246,-0.00389898,-2.09081
85.55,-0.00234383,-0.00390351,-2.11154
85.6,-0.00258201,-0.00390911,-2.15453
85.65,-0.00286619,-0.00391481,-2.20277
85.7,-0.00310224,-0.00391848,-2.24045
85.75,-0.00328857,-0.0039205,-2.26876
85.8,-0.00337187,-0.00392093,-2.28105
85.85,-0.00336632,-0.00392003,-2.28035
85.9,-0.0187125,0.229883,1.65202
85.95,-0.0199515,0.232437,1.65642
86,-0.0135279,0.236758,1.62787
86.05,-0.013635,0.237441,1.62816
86.1,-0.00745837,0.245865,1.60112
86.15,-0.00601989,0.246989,1.59516
86.2,-0.00896842,0.248617,1.60685
86.25,-0.00267418,0.250108,1.58149
86.3,-0.00156583,0.254532,1.57695
86.35,-0.00295244,0.245194,1.58284
86.4,0.000417896,0.248855,1.56912
86.45,0.00331241,0.24791,1.55744
86.5,-0.00435991,0.240496,1.58892
86.55,0.002658,0.240994,1.55977
86.6,-0.000824734,0.237295,1.57427
86.65,-0.000254549,0.234065,1.57188
86.7,-0.00536596,0.221307,1.59504
86.75,-0.00236589,-0.00394637,-2.11086
86.8,-0.00278077,-0.00395547,-2.18355
86.85,-0.00322283,-0.00396397,-2.25343
86.9,-0.00358984,-0.00397138,-2.30578
86.95,-0.00366147,-0.00397541,-2.31511
87,-0.0036244,-0.00397792,-2.30973
87.05,-0.0035891,-0.00398011,-2.30458
87.1,-0.00354835,-0.00398193,-2.29868
87.15,-0.00351795,-0.00398347,-2.29422
87.2,-0.00349584,-0.00398497,-2.2909
87.25,-0.00347126,-0.00398637,-2.28723
87.3,-0.00343353,-0.00398835,-2.28158
87.35,-0.00340518,-0.00399105,-2.27715
87.4,-0.0033899,-0.00399424,-2.27453
87.45,-0.00338197,-0.00399793,-2.27292
87.5,-0.00337683,-0.00400203,-2.27167
87.55,-0.00334619,-0.00400606,-2.26668
87.6,-0.00329948,-0.00400957,-2.25935
87.65,-0.00313891,-0.0040117,-2.23474
87.7,-0.00283904,-0.00401228,-2.1866
87.75,-0.00242156,-0.00401181,-2.11386
87.8,-0.00197631,-0.00401064,-2.02864
87.85,-0.00156453,-0.00400924,-1.94285
87.9,-0.00118398,-0.00400767,-1.85805
87.95,-0.0149863,0.227777,1.6365
88,-0.0188043,0.230317,1.65226
88.05,-0.00834796,0.23819,1.60583
88.1,-0.0073009,0.239699,1.60125
88.15,-0.00242772,0.240331,1.5809
88.2,-0.000965657,0.246485,1.57471
88.25,0.0040898,0.24418,1.55405
88.3,0.00946876,0.24015,1.53139
88.35,0.00445004,0.242709,1.55246
88.4,0.00245013,0.238381,1.56052
88.45,-0.0030927,0.238571,1.58376
88.5,0.000466094,0.237942,1.56884
88.55,0.0121404,0.233916,1.51894
88.6,-0.0093205,0.230937,1.61113
88.65,-0.0167904,0.226574,1.64477
88.7,0.00220848,0.230439,1.56121
88.75,0.000678478,-0.00400654,-1.40305
88.8,0.000707622,-0.0040081,-1.39605
88.85,0.000734732,-0.00400964,-1.38957
88.9,0.000759864,-0.00401117,-1.38358
88.95,0.000801431,-0.00401226,-1.37365
89,0.000917437,-0.00401188,-1.34598
89.05,0.00110291,-0.00401031,-1.30241
89.1,-0.0162006,0.233655,1.64002
89.15,-0.0137415,0.228264,1.63092
89.2,-0.0207173,0.228118,1.66137
89.25,-0.0115329,0.231149,1.62065
89.3,-0.00480435,0.230406,1.59164
89.35,-0.000872192,0.236008,1.57449
89.4,-0.00369207,0.230268,1.58683
89.45,-0.014893,0.234752,1.63415
89.5,-0.00998406,0.23002,1.61417
89.55,0.00694188,0.232992,1.54101
89.6,0.00218117,-0.00400591,-1.07219
89.65,0.00220156,-0.00400827,-1.06853
89.7,0.00222151,-0.00401087,-1.06498
89.75,0.00224229,-0.0040134,-1.0613
89.8,0.00227395,-0.00401572,-1.05555
89.85,0.00233208,-0.00401722,-1.04482
89.9,0.00242313,-0.00401836,-1.02816
89.95,0.00251783,-0.00401941,-1.01118
90,-0.0184603,0.233979,1.64953
90.05,-0.00856953,0.227532,1.60844
90.1,-0.008604,0.225934,1.60886
90.15,-0.00661516,0.224905,1.6002
90.2,-0.00523902,0.230783,1.59349
90.25,-0.000334116,0.227243,1.57227
90.3,-0.00651895,0.222811,1.60005
90.35,0.00293569,-0.00402803,-0.940992
90.4,0.00295155,-0.00403107,-0.938785
90.45,0.00296774,-0.00403418,-0.936543
90.5,0.00298467,-0.00403689,-0.934147
90.55,0.00300159,-0.00403944,-0.931745
90.6,0.00301837,-0.00404192,-0.929369
90.65,0.00303513,-0.00404436,-0.927001
90.7,0.00305189,-0.00404676,-0.92464
90.75,0.0030689,-0.00404911,-0.922246
90.8,0.00308686,-0.00405142,-0.91971
90.85,0.00310593,-0.0040537,-0.91701
90.9,0.00312627,-0.00405598,-0.914128
90.95,0.00314827,-0.00405827,-0.911007
91,0.00317592,-0.00406067,-0.907056
91.05,0.00321009,-0.00406325,-0.902165
91.1,0.00324984,-0.00406599,-0.896498
91.15,0.00329372,-0.00406882,-0.890288
91.2,0.00333871,-0.0040717,-0.883992
91.25,-0.0129815,0.227879,1.6277
91.3,-0.0169699,0.222008,1.64709
91.35,-0.00187163,0.234284,1.57878
91.4,-0.00631366,0.232497,1.59795
91.45,0.00501138,0.227707,1.54879
91.5,-0.00898794,0.22664,1.61043
91.55,-0.00727671,0.229811,1.60245
91.6,0.00698615,0.224207,1.53965
91.65,0.00359996,-0.00409135,-0.849201
91.7,0.00361891,-0.00409539,-0.847087
91.75,0.00363801,-0.00409952,-0.844973
91.8,0.00365732,-0.00410349,-0.842825
91.85,0.00367672,-0.00410742,-0.840673
91.9,0.0036961,-0.00411133,-0.838532
91.95,0.00371557,-0.00411522,-0.836389
92,0.00373507,-0.00411908,-0.834252
92.05,0.00375464,-0.00412293,-0.832115
92.1,0.00377429,-0.00412676,-0.829979
92.15,0.003794,-0.00413057,-0.827845
92.2,0.00381544,-0.0041342,-0.825475
92.25,0.00383964,-0.0041375,-0.82272
92.3,0.00386497,-0.00414075,-0.819832
92.35,0.00389099,-0.00414383,-0.816856
92.4,0.00391596,-0.00414681,-0.814023
92.45,0.00393892,-0.00414952,-0.811429
92.5,0.00396005,-0.00415197,-0.809052
92.55,0.00397948,-0.00415416,-0.806871
92.6,-0.00573292,0.232293,1.59547
92.65,-0.00631753,0.227977,1.5985
92.7,-0.00208173,0.229865,1.57985
92.75,0.00480962,0.233535,1.5502
92.8,0.00722067,0.226001,1.53886
92.85,0.0029437,0.230986,1.55805
92.9,-0.000457579,0.225574,1.57282
92.95,-0.00857427,0.224272,1.60901
93,0.00863528,0.232166,1.53362
93.05,-0.00645895,0.225342,1.59945
93.1,0.00418241,-0.00417894,-0.784983
93.15,0.00420392,-0.00418445,-0.783078
93.2,0.00422548,-0.00419033,-0.781221
93.25,0.00424607,-0.00419569,-0.77943
93.3,0.0042635,-0.00419929,-0.777811
93.35,0.00427888,-0.00420222,-0.77636
93.4,0.00429298,-0.00420475,-0.775016
93.45,0.00430563,-0.00420668,-0.773774
93.5,0.00431672,-0.00420809,-0.772656
93.55,0.00432569,-0.00420896,-0.771722
93.6,0.00643741,0.223768,1.54204
93.65,0.00235265,0.228062,1.56048
93.7,0.0039862,0.227063,1.55324
93.75,-0.00072362,0.224219,1.57402
93.8,0.0115977,0.226595,1.51966
93.85,0.00114323,0.230115,1.56583
93.9,0.0044173,-0.00421729,-0.762239
93.95,-0.00369319,0.227254,1.58705
94,0.00446074,-0.00422486,-0.758246
94.05,0.00447891,-0.00422846,-0.756643
94.1,0.00449456,-0.0042315,-0.75526
94.15,0.0045061,-0.00423314,-0.754174
94.2,0.00451251,-0.00423356,-0.753515
94.25,0.00451761,-0.00423364,-0.752961
94.3,0.00658118,0.226128,1.5417
94.35,-0.00713654,0.222561,1.60285
94.4,-0.010418,0.229539,1.61615
94.45,-0.00361182,0.225877,1.58679
94.5,0.00454427,0.228381,1.5509
94.55,-0.00399403,0.229786,1.58818
94.6,0.00514915,0.228256,1.54824
94.65,-0.00119702,0.229058,1.57602
94.7,0.0165794,0.221562,1.49611
94.75,0.00461265,-0.00423895,-0.743205
94.8,0.00463325,-0.00424317,-0.74148
94.85,0.0046539,-0.00424783,-0.739813
94.9,0.00467353,-0.00425172,-0.738173
94.95,0.0046893,-0.00425454,-0.736827
95,0.00470124,-0.00425624,-0.735761
95.05,0.00470984,-0.00425691,-0.73493
95.1,-0.0218536,0.220008,1.6698
95.15,0.00471639,-0.00425528,-0.734047
95.2,0.00471903,-0.0042548,-0.733712
95.25,0.00472386,-0.00425484,-0.733208
95.3,-0.00011075,0.228052,1.57128
95.35,-0.00298339,0.221831,1.58424
95.4,0.000479303,0.221007,1.56863
95.45,0.00474106,-0.00425306,-0.731194
95.5,-0.000214566,0.22228,1.57176
95.55,0.00477333,-0.00425714,-0.728299
95.6,-0.000674381,0.228111,1.57375
95.65,0.0047972,-0.0042598,-0.726132
95.7,0.00480652,-0.00426094,-0.725302
95.75,0.00481539,-0.00426193,-0.724501
95.8,-0.00273715,0.232769,1.58255
95.85,0.00482308,-0.00426053,-0.723548
95.9,-0.00307351,0.223571,1.58454
95.95,0.00482936,-0.00425877,-0.722696
96,-0.00272075,0.221656,1.58307
96.05,-0.00191884,0.227528,1.57923
96.1,0.00484139,-0.00425702,-0.721259
96.15,0.00683191,0.229645,1.54106
96.2,-0.00160176,0.227808,1.57783
96.25,-0.00183026,0.227023,1.57886
96.3,0.00215309,0.233375,1.56157
96.35,0.00489819,-0.00426242,-0.716107
96.4,0.00491817,-0.00426644,-0.714558
96.45,0.00493914,-0.00427088,-0.712967
96.5,0.004958,-0.00427424,-0.711471
96.55,0.00497421,-0.00427648,-0.710115
96.6,0.00498776,-0.00427782,-0.708927
96.65,0.00499558,-0.00427809,-0.708183
96.7,0.00500091,-0.00427785,-0.707628
96.75,0.00500396,-0.00427729,-0.707263
96.8,0.00500545,-0.00427646,-0.70702
96.85,0.00500688,-0.00427562,-0.706783
96.9,0.0050083,-0.0042748,-0.706547
96.95,0.00500972,-0.00427398,-0.706312
97,0.00310227,0.224665,1.55699
97.05,0.0050129,-0.00427157,-0.705721
97.1,-0.00255856,0.224191,1.58221
97.15,0.00036911,0.224812,1.56915
97.2,-0.00184787,0.229619,1.57884
97.25,0.00269252,0.233652,1.55927
97.3,-0.00114964,0.229903,1.5758
97.35,0.00506435,-0.00427282,-0.700829
97.4,0.0069689,0.235187,1.54117
97.45,0.005108,-0.00428002,-0.69743
97.5,0.00512437,-0.00428321,-0.696223
97.55,0.00513844,-0.00428585,-0.695177
97.6,-0.0170753,0.22902,1.64522
97.65,0.00516055,-0.0042874,-0.693244
97.7,0.00516599,-0.00428769,-0.692759
97.75,0.00517198,-0.00428817,-0.692244
97.8,0.00517682,-0.00428801,-0.691766
97.85,0.00517938,-0.00428742,-0.691455
97.9,0.00518093,-0.00428663,-0.691218
97.95,0.00518247,-0.00428584,-0.690982
98,0.00518401,-0.00428506,-0.690747
98.05,-0.00154677,0.227906,1.57758
98.1,-0.012254,0.233041,1.62333
98.15,0.00625667,0.22621,1.54314
98.2,4.10763e-05,0.227494,1.57062
98.25,-0.00395328,0.229155,1.58805
98.3,0.00523406,-0.00428818,-0.686389
98.35,0.00525536,-0.00429269,-0.684913
98.4,0.00527742,-0.00429748,-0.683409
98.45,0.00529803,-0.00430139,-0.681946
98.5,0.00531582,-0.00430407,-0.68061
98.55,0.00533105,-0.00430569,-0.679396
98.6,0.0053445,-0.00430663,-0.678271
98.65,0.0053561,-0.00430717,-0.677273
98.7,0.00536717,-0.00430755,-0.676309
98.75,0.0053759,-0.00430756,-0.675517
98.8,0.0053822,-0.00430734,-0.67492
98.85,0.00538605,-0.00430686,-0.674517
98.9,0.00538781,-0.0043061,-0.674271
98.95,0.00538932,-0.0043053,-0.674045
99,0.00539089,-0.00430454,-0.673816
99.05,0.00539238,-0.00430375,-0.673592
99.1,0.0053939,-0.00430299,-0.673368
99.15,0.00539542,-0.00430221,-0.673142
99.2,-0.00157586,0.22689,1.57774
99.25,-0.00683932,0.224344,1.60127
99.3,-0.00339566,0.228783,1.58564
99.35,0.00819869,0.2303,1.53521
99.4,0.0105188,0.233868,1.52585
99.45,0.00544551,-0.00430427,-0.668875
99.5,0.00546761,-0.00430833,-0.667364
99.55,0.00549007,-0.00431258,-0.665851
99.6,0.0055114,-0.00431608,-0.664363
99.65,0.00553108,-0.00431883,-0.662942
99.7,0.00554799,-0.00432058,-0.661658
99.75,0.00556147,-0.00432175,-0.660613
99.8,0.00557388,-0.00432265,-0.659634
99.85,0.00558531,-0.00432329,-0.658714
99.9,0.0055943,-0.00432352,-0.657962
99.95,0.00560108,-0.0043235,-0.657374
100,0.00560563,-0.00432321,-0.656948
100.05,0.00560801,-0.0043226,-0.656675
100.1,0.00560951,-0.00432184,-0.656461
100.15,0.00561103,-0.00432109,-0.656246
100.2,-0.0195668,0.228525,1.65621
100.25,-0.00159014,0.229402,1.57773
100.3,-0.026657,0.229174,1.68659
100.35,0.0032931,0.226385,1.55625
100.4,0.00563833,-0.00432012,-0.653792
100.45,0.00565847,-0.00432347,-0.652445
100.5,-0.000619465,0.221435,1.57359
100.55,0.00569704,-0.00432934,-0.649824
100.6,0.0057082,-0.00433092,-0.649058
100.65,0.00571723,-0.00433217,-0.648436
100.7,0.0057237,-0.00433251,-0.647929
100.75,0.0057257,-0.00433187,-0.647691
100.8,0.00572735,-0.00433117,-0.647474
100.85,0.00572904,-0.00433048,-0.647256
100.9,-0.00277194,0.225162,1.58311
100.95,-0.00534303,0.225124,1.59453
101,-0.00556874,0.231153,1.59488
101.05,-0.00591981,0.227499,1.59681
101.1,0.0180315,0.233491,1.49372
101.15,0.0139076,0.221746,1.50816
101.2,0.00579468,-0.00433523,-0.642309
101.25,0.00581503,-0.0043395,-0.641101
101.3,0.00583529,-0.00434408,-0.639939
101.35,0.00585435,-0.00434817,-0.638829
101.4,0.00586806,-0.00435043,-0.637958
101.45,0.00587982,-0.00435211,-0.637185
101.5,0.0058914,-0.00435375,-0.636425
101.55,0.00590248,-0.00435526,-0.635692
101.6,0.00591356,-0.00435677,-0.634962
101.65,0.00592232,-0.00435753,-0.634339
101.7,0.00592596,-0.00435727,-0.634017
101.75,0.0059287,-0.00435689,-0.633754
101.8,0.00593149,-0.00435649,-0.633486
101.85,0.00593369,-0.00435593,-0.633248
101.9,0.00593584,-0.00435536,-0.633013
101.95,-0.0246197,0.229216,1.67779
102,0.00131245,0.221807,1.56488
102.05,-0.00702593,0.227851,1.60162
102.1,-0.000355545,0.234583,1.57231
102.15,0.00830238,0.226289,1.53412
102.2,0.0059881,-0.00435878,-0.629211
102.25,0.00601126,-0.0043634,-0.627879
102.3,0.0060347,-0.00436832,-0.626565
102.35,0.00605551,-0.00437255,-0.62539
102.4,0.00607268,-0.00437583,-0.624402
102.45,0.00608669,-0.00437824,-0.623571
102.5,0.0061,-0.00438049,-0.622779
102.55,0.00610982,-0.00438175,-0.622153
102.6,0.00611396,-0.00438159,-0.621816
102.65,0.00611562,-0.0043809,-0.621612
102.7,0.00611729,-0.00438022,-0.62141
102.75,0.00611895,-0.00437954,-0.621208
102.8,0.00612063,-0.00437888,-0.621007
102.85,-0.0276004,0.222218,1.69437
102.9,0.00130879,0.226548,1.56502
102.95,-0.00568304,0.22381,1.59618
103,-0.0142916,0.223775,1.63458
103.05,0.00615092,-0.004379,-0.618685
103.1,0.00617006,-0.00438229,-0.617573
103.15,0.00618939,-0.00438591,-0.616486
103.2,0.00620432,-0.00438833,-0.61561
103.25,0.00621542,-0.00438988,-0.614934
103.3,0.0062243,-0.00439097,-0.614378
103.35,0.00622825,-0.00439079,-0.61406
103.4,0.0062302,-0.0043902,-0.613849
103.45,0.00214532,0.221593,1.56112
103.5,0.00490611,0.223638,1.54886
103.55,0.011762,0.227248,1.51908
103.6,0.00624571,-0.00438826,-0.612472
103.65,-0.00670439,0.222136,1.60097
103.7,0.00627697,-0.00439172,-0.610496
103.75,0.00628735,-0.00439299,-0.609855
103.8,-0.0174324,0.22217,1.6491
103.85,0.00630157,-0.00439332,-0.60883
103.9,0.00630407,-0.00439289,-0.608597
103.95,0.00630893,-0.0043929,-0.608237
104,0.00631235,-0.00439262,-0.607953
104.05,0.00195294,0.226076,1.56216
104.1,-0.0122777,0.226715,1.6249
104.15,0.00330445,0.229799,1.55642
104.2,0.0198899,0.22777,1.48369
104.25,0.00536857,0.238058,1.54825
104.3,0.00636534,-0.00439583,-0.604382
104.35,0.0063874,-0.00439997,-0.603204
104.4,0.00640791,-0.00440413,-0.602149
104.45,0.00642668,-0.00440777,-0.60117
104.5,0.00644115,-0.0044103,-0.600388
104.55,0.00645139,-0.00441162,-0.599788
104.6,0.00645812,-0.00441175,-0.599316
104.65,0.00646301,-0.00441158,-0.598944
104.7,0.00646593,-0.00441115,-0.598689
104.75,0.00646782,-0.00441056,-0.598492
104.8,0.00646969,-0.00440998,-0.598295
104.85,0.00647157,-0.0044094,-0.598099
104.9,0.00647345,-0.00440882,-0.597903
104.95,0.00647533,-0.00440825,-0.597707
105,0.0100334,0.221194,1.52547
105.05,-0.00590108,0.22367,1.59717
105.1,0.0101924,0.225184,1.52556
105.15,-0.003957,0.223685,1.58848
105.2,0.00820859,0.225253,1.53437
105.25,0.0120074,0.236603,1.52009
105.3,0.00302213,0.227184,1.55749
105.35,0.0134121,0.223406,1.51083
105.4,0.0103168,0.225457,1.52507
105.45,0.00654864,-0.00440915,-0.592575
105.5,0.00656992,-0.0044133,-0.591509
105.55,0.00659092,-0.00441752,-0.590475
105.6,0.00661036,-0.00442113,-0.589491
105.65,0.00662575,-0.0044235,-0.588665
105.7,0.00663834,-0.00442505,-0.58795
105.75,0.00665092,-0.0044266,-0.587237
105.8,0.00666347,-0.00442813,-0.586527
105.85,0.006676,-0.00442965,-0.58582
105.9,0.00668851,-0.00443117,-0.585116
105.95,0.006701,-0.00443268,-0.584414
106,0.00671347,-0.00443418,-0.583714
106.05,0.00672591,-0.00443567,-0.583018
106.1,0.00673833,-0.00443716,-0.582324
106.15,0.00675073,-0.00443864,-0.581633
106.2,0.00676311,-0.00444012,-0.580945
106.25,0.00677547,-0.00444159,-0.58026
106.3,0.0067878,-0.00444306,-0.579578
106.35,0.00680012,-0.00444453,-0.578899
106.4,0.00681241,-0.00444599,-0.578222
106.45,0.00682468,-0.00444745,-0.577549
106.5,0.00683615,-0.00444861,-0.576901
106.55,0.00684478,-0.00444886,-0.576349
106.6,0.00685121,-0.00444873,-0.575907
106.65,0.00685534,-0.00444856,-0.575614
106.7,0.00685812,-0.00444831,-0.575404
106.75,0.0068609,-0.00444805,-0.575192
106.8,0.00686322,-0.00444763,-0.574995
106.85,0.006866,-0.00444734,-0.57478
106.9,0.00686875,-0.00444703,-0.574566
106.95,0.00687154,-0.00444672,-0.574349
107,0.00687433,-0.00444639,-0.57413
107.05,0.00687712,-0.00444606,-0.57391
107.1,0.00687903,-0.00444553,-0.57373
107.15,0.00688075,-0.00444498,-0.573559
107.2,0.00688252,-0.00444443,-0.573386
107.25,0.00688427,-0.00444389,-0.573215
107.3,0.00688603,-0.00444336,-0.573044
107.35,0.00688779,-0.00444283,-0.572874
107.4,0.033899,0.224353,1.42083
107.45,0.0333443,0.230613,1.4272
107.5,0.03515,0.226139,1.41659
107.55,0.0398484,0.227095,1.39709
107.6,0.0433421,0.230167,1.38467
107.65,0.0454901,0.228157,1.374
107.7,0.045469,0.229019,1.37481
107.75,0.0479613,0.229268,1.36458
107.8,0.0484815,0.227645,1.36096
107.85,0.00697255,-0.00443801,-0.566824
107.9,0.0069933,-0.00443965,-0.565646
107.95,0.00701145,-0.00444137,-0.564649
108,0.00702379,-0.00444275,-0.563995
108.05,0.00703115,-0.00444342,-0.563591
108.1,0.00703479,-0.00444323,-0.563338
108.15,0.00703756,-0.00444286,-0.563122
108.2,0.00704034,-0.00444248,-0.562905
108.25,0.00704311,-0.00444209,-0.562688
108.3,0.00704588,-0.0044417,-0.56247
108.35,0.00704865,-0.00444129,-0.562252
108.4,0.00705141,-0.00444088,-0.562033
108.45,0.00705418,-0.00444045,-0.561813
108.5,0.0509639,0.241565,1.36287
108.55,0.0520896,0.238043,1.35537
108.6,0.055169,0.231153,1.33651
108.65,0.00709009,-0.00443633,-0.559108
108.7,0.00710286,-0.00443554,-0.55822
108.75,0.00711783,-0.00443537,-0.557258
108.8,0.00713451,-0.00443538,-0.556208
108.85,0.00715435,-0.00443544,-0.55497
108.9,0.00717416,-0.00443528,-0.553716
108.95,0.00719402,-0.00443491,-0.552443
109,0.00721372,-0.00443434,-0.551166
109.05,0.00723348,-0.00443357,-0.549868
109.1,0.00725325,-0.00443257,-0.548552
109.15,0.00727264,-0.00443137,-0.547244
109.2,0.007292,-0.00442997,-0.545924
109.25,0.00731129,-0.00442837,-0.544592
109.3,0.00733048,-0.00442657,-0.543252
109.35,0.00734951,-0.00442458,-0.541906
109.4,0.00736837,-0.00442242,-0.540559
109.45,0.0910313,0.234967,1.20118
109.5,0.0926464,0.230873,1.18918
109.55,0.00742296,-0.0044153,-0.5366
109.6,0.00743814,-0.0044134,-0.535513
109.65,0.00745346,-0.00441171,-0.534443
109.7,0.0074707,-0.00440976,-0.533238
109.75,0.00748906,-0.00440755,-0.531945
109.8,0.00750741,-0.00440517,-0.530639
109.85,0.0075256,-0.00440259,-0.529328
109.9,0.00754351,-0.00439988,-0.528025
109.95,0.00756135,-0.00439701,-0.526714
110,0.0075791,-0.00439398,-0.525396
110.05,0.00759665,-0.0043908,-0.524079
110.1,0.00761409,-0.00438747,-0.522758
110.15,0.00763147,-0.00438399,-0.521429
110.2,0.00764867,-0.00438035,-0.5201
110.25,0.00766576,-0.00437658,-0.518766
110.3,0.00768274,-0.00437268,-0.517431
110.35,0.0076996,-0.00436863,-0.516092
110.4,0.00771634,-0.00436444,-0.514749
110.45,0.00773296,-0.00436014,-0.513406
110.5,0.00774947,-0.00435571,-0.512059
110.55,0.00742501,-0.00438707,-0.533665
110.6,0.00744065,-0.00438153,-0.532191
110.65,0.00745618,-0.00437587,-0.530716
110.7,0.00747159,-0.00437008,-0.529237
110.75,0.0074869,-0.00436415,-0.527755
110.8,0.00750212,-0.00435809,-0.526268
110.85,0.00751723,-0.0043519,-0.524778
110.9,0.00753223,-0.00434559,-0.523286
110.95,0.00754712,-0.00433916,-0.521791
111,0.0075619,-0.00433262,-0.520295
111.05,0.00757657,-0.00432596,-0.518797
111.1,0.00759114,-0.00431919,-0.517297
111.15,0.0076056,-0.00431231,-0.515795
111.2,0.00761993,-0.00430534,-0.514294
111.25,0.00763418,-0.00429826,-0.512791
111.3,0.00764833,-0.00429108,-0.511286
111.35,0.00766235,-0.00428382,-0.509783
111.4,0.00767626,-0.00427645,-0.508279
111.45,0.00769008,-0.004269,-0.506774
111.5,0.00770379,-0.00426146,-0.505269
111.55,0.00771737,-0.00425384,-0.503767
111.6,0.00773086,-0.00424614,-0.502264
111.65,0.0077443,-0.00423833,-0.500755
111.7,0.0077576,-0.00423045,-0.499251
111.75,0.0077708,-0.0042225,-0.497747
111.8,0.00778387,-0.0042145,-0.496248
111.85,0.00779686,-0.00420641,-0.494747
111.9,0.00780976,-0.00419825,-0.493246
111.95,0.00782257,-0.00418999,-0.491743
112,0.00783527,-0.00418171,-0.490245
112.05,0.00784785,-0.00417337,-0.488751
112.1,0.0078603,-0.00416498,-0.487262
112.15,0.00787265,-0.00415656,-0.485776
112.2,0.00788492,-0.00414807,-0.48429
112.25,0.0078971,-0.00413951,-0.482805
112.3,0.00790916,-0.00413093,-0.481325
112.35,0.0079211,-0.00412232,-0.479852
112.4,0.00793293,-0.00411367,-0.478382
112.45,0.00794468,-0.00410498,-0.476914
112.5,0.00795631,-0.00409626,-0.475452
112.55,0.00796785,-0.00408752,-0.473995
112.6,0.00797929,-0.00407874,-0.47254
112.65,0.00799062,-0.00406993,-0.47109
112.7,0.00800186,-0.00406109,-0.469644
112.75,0.00801299,-0.00405223,-0.468203
112.8,0.008024,-0.00404336,-0.46677
112.85,0.0080349,-0.00403449,-0.465342
112.9,0.0080457,-0.00402559,-0.46392
112.95,0.0080564,-0.00401667,-0.462502
113,0.00806701,-0.00400771,-0.461087
113.05,0.00807753,-0.00399871,-0.459673
113.1,0.00808794,-0.00398973,-0.458268
113.15,0.00809824,-0.00398073,-0.456869
113.2,0.00810844,-0.00397173,-0.455475
113.25,0.00811854,-0.0039627,-0.454087
113.3,0.00812854,-0.00395368,-0.452704
113.35,0.00813842,-0.00394465,-0.451328
113.4,0.0081482,-0.00393562,-0.449959
113.45,0.00815788,-0.00392658,-0.448595
113.5,0.00816745,-0.00391754,-0.447238
113.55,0.00817692,-0.0039085,-0.445886
113.6,0.00818629,-0.00389944,-0.444539
113.65,0.00819556,-0.00389038,-0.443198
113.7,0.00820474,-0.00388132,-0.441863
113.75,0.00821167,-0.00387212,-0.440621
113.8,0.00821849,-0.00386293,-0.439385
113.85,0.00822521,-0.00385373,-0.438153
113.9,0.00823181,-0.00384453,-0.436928
113.95,0.00823831,-0.00383532,-0.435708
114,0.00824469,-0.00382612,-0.434493
114.05,0.00825097,-0.00381691,-0.433284
114.1,0.00825713,-0.00380771,-0.432081
114.15,0.00826318,-0.00379851,-0.430883
114.2,0.00826912,-0.0037893,-0.429691
114.25,0.00827495,-0.00378011,-0.428506
114.3,0.00828066,-0.00377092,-0.427326
114.35,0.00828626,-0.00376173,-0.426152
114.4,0.00829176,-0.00375252,-0.42498
114.45,0.00829715,-0.0037433,-0.423814
114.5,0.00830242,-0.00373409,-0.422653
114.55,0.00830758,-0.00372488,-0.421499
114.6,0.00831262,-0.00371567,-0.420349
114.65,0.00831754,-0.00370647,-0.419206
114.7,0.00832234,-0.00369728,-0.418069
114.75,0.00832699,-0.00368817,-0.416948
114.8,0.00833152,-0.0036791,-0.415837
114.85,0.00833591,-0.00367005,-0.414733
114.9,0.00834019,-0.00366103,-0.413637
114.95,0.00834435,-0.00365203,-0.412549
115,0.0083484,-0.00364301,-0.411463
115.05,0.00835232,-0.00363401,-0.410386
115.1,0.00835611,-0.00362506,-0.409318
115.15,0.00835977,-0.00361614,-0.408261
115.2,0.00836331,-0.00360723,-0.407208
115.25,0.0083667,-0.0035984,-0.406171
115.3,0.00836996,-0.00358959,-0.405141
115.35,0.00837311,-0.0035808,-0.404118
115.4,0.00837613,-0.00357203,-0.403101
115.45,0.00837902,-0.00356327,-0.402092
115.5,0.00838179,-0.00355453,-0.40109
115.55,0.00838444,-0.00354581,-0.400094
115.6,0.00838695,-0.00353711,-0.399106
115.65,0.00838934,-0.00352842,-0.398124
115.7,0.00839161,-0.00351975,-0.39715
115.75,0.00839374,-0.0035111,-0.396182
115.8,0.00839575,-0.00350247,-0.395221
115.85,0.00839763,-0.00349385,-0.394267
115.9,0.00839938,-0.00348525,-0.39332
115.95,0.008401,-0.00347661,-0.392374
116,0.00840249,-0.00346804,-0.391441
116.05,0.00840385,-0.00345947,-0.390512
116.1,0.00840507,-0.00345088,-0.389586
116.15,0.00840616,-0.00344229,-0.388666
116.2,0.00840712,-0.00343371,-0.387751
116.25,0.00840794,-0.00342513,-0.386842
116.3,0.00840863,-0.00341657,-0.38594
116.35,0.00840918,-0.00340799,-0.385042
116.4,0.00840959,-0.00339944,-0.384151
116.45,0.00840986,-0.00339089,-0.383266
116.5,0.00841,-0.00338236,-0.382387
116.55,0.00840999,-0.00337384,-0.381515
116.6,0.00840984,-0.00336534,-0.38065
116.65,0.00840955,-0.00335682,-0.379789
116.7,0.00840912,-0.00334831,-0.378932
116.75,0.00840854,-0.0033398,-0.378083
116.8,0.00840783,-0.00333132,-0.37724
116.85,0.00840697,-0.00332285,-0.376404
116.9,0.00840597,-0.00331439,-0.375575
116.95,0.00840481,-0.00330594,-0.374751
117,0.00840352,-0.00329749,-0.373933
117.05,0.00840206,-0.00328903,-0.373119
117.1,0.00840047,-0.00328059,-0.372311
117.15,0.00839872,-0.00327217,-0.371512
117.2,0.00839683,-0.00326376,-0.370718
117.25,0.0083948,-0.00325538,-0.369932
117.3,0.00839263,-0.00324701,-0.369153
117.35,0.0083903,-0.00323866,-0.36838
117.4,0.00838782,-0.00323029,-0.367611
117.45,0.00838519,-0.00322193,-0.366847
117.5,0.0083824,-0.00321356,-0.366089
117.55,0.00837945,-0.0032052,-0.365336
117.6,0.00837635,-0.00319688,-0.364593
117.65,0.0083731,-0.00318857,-0.363855
117.7,0.00836968,-0.00318026,-0.363124
117.75,0.00836612,-0.00317193,-0.362395
117.8,0.00836242,-0.00316364,-0.361675
117.85,0.00835855,-0.00315535,-0.36096
117.9,0.00835451,-0.00314706,-0.360251
117.95,0.00835029,-0.00313876,-0.359547
118,0.00834591,-0.00313047,-0.358849
118.05,0.00834141,-0.00312219,-0.358156
118.1,0.00833678,-0.00311392,-0.357469
118.15,0.00833197,-0.00310563,-0.356785
118.2,0.00832694,-0.00309731,-0.356105
118.25,0.00832169,-0.00308896,-0.35543
118.3,0.00831627,-0.0030806,-0.354759
118.35,0.00831065,-0.00307222,-0.354092
118.4,0.00830482,-0.00306381,-0.353429
118.45,0.00829888,-0.00305542,-0.352771
118.5,0.0082929,-0.0030471,-0.352122
118.55,0.0082868,-0.00303879,-0.351476
118.6,0.00828049,-0.00303045,-0.350834
118.65,0.00827383,-0.003022,-0.350194
118.7,0.00826688,-0.00301348,-0.349556
118.75,0.00825969,-0.00300492,-0.34892
118.8,0.00825222,-0.00299627,-0.348286
118.85,0.00824456,-0.0029876,-0.347654
118.9,0.00823698,-0.00297903,-0.347029
118.95,0.00822934,-0.00297048,-0.346407
119,0.00822143,-0.00296185,-0.345786
119.05,0.00821298,-0.00295303,-0.345163
119.1,0.00820404,-0.00294403,-0.344539
119.15,0.00819476,-0.00293492,-0.343914
119.2,0.00818513,-0.0029257,-0.343288
119.25,0.00817509,-0.00291632,-0.34266
119.3,0.00816474,-0.00290684,-0.342032
119.35,0.0081548,-0.0028976,-0.34141
119.4,0.00814502,-0.00288847,-0.340794
119.45,0.00813524,-0.00287938,-0.34018
119.5,0.00812494,-0.00287008,-0.339561
119.55,0.00811351,-0.00286026,-0.338927
119.6,0.00810088,-0.00284989,-0.338278
119.65,0.0080877,-0.00283928,-0.337621
119.7,0.00807385,-0.00282838,-0.336954
119.75,0.00805933,-0.00281716,-0.336276
119.8,0.00804393,-0.00280552,-0.335583
119.85,0.00802861,-0.00279394,-0.334891
119.9,0.00801414,-0.00278283,-0.334213
119.95,0.00799867,-0.00277122,-0.333517
120,0.00798102,-0.0027585,-0.332779
120.05,0.00796357,-0.00274591,-0.332042
120.1,0.00794765,-0.00273408,-0.33133
120.15,0.00793241,-0.00272261,-0.330627
120.2,0.00791575,-0.00271041,-0.329894
120.25,0.00789582,-0.00269649,-0.32909
120.3,0.00787287,-0.00268099,-0.328219
120.35,0.00784827,-0.00266458,-0.327301
120.4,0.00782217,-0.00264735,-0.326341
120.45,0.00779422,-0.00262908,-0.325327
120.5,0.00776802,-0.0026117,-0.324339
120.55,0.00774421,-0.00259554,-0.323392
120.6,0.00771776,-0.00257786,-0.322365
120.65,0.00768476,-0.00255658,-0.321163
120.7,0.00764776,-0.00253302,-0.319839
120.75,0.00761205,-0.00251009,-0.318524
120.8,0.0075836,-0.002491,-0.317369
120.85,0.00756043,-0.00247469,-0.31633
120.9,0.00753725,-0.00245825,-0.315269
120.95,0.00750815,-0.00243842,-0.314024
121,0.00746882,-0.00241275,-0.312461
121.05,-0.172758,-0.157364,-2.40279
121.1,-0.180515,-0.16427,-2.40328
121.15,0.00730842,-0.00231065,-0.306218
121.2,0.00726298,-0.00228149,-0.304365
121.25,0.00722421,-0.00225599,-0.302686
121.3,0.0071812,-0.00222675,-0.300679
121.35,-0.162835,-0.159257,-2.3673
121.4,-0.165148,-0.164417,-2.35841
121.45,-0.172663,-0.177522,-2.34232
121.5,-0.167129,-0.18079,-2.31695
121.55,0.00692982,-0.00205421,-0.288179
121.6,-0.15207,-0.179296,-2.27422
121.65,-0.162645,-0.187195,-2.28613
121.7,0.00671675,-0.00190898,-0.27691
121.75,-0.148068,-0.173177,-2.27819
121.8,0.00665215,-0.0018565,-0.272159
121.85,0.00661414,-0.00182703,-0.26951
121.9,-0.142505,-0.17397,-2.2571
121.95,0.00645237,-0.00171601,-0.259933
122,0.00633554,-0.00163684,-0.25283
122.05,0.00625849,-0.0015846,-0.247981
122.1,0.00623216,-0.0015662,-0.246211
122.15,0.00626572,-0.0015855,-0.247841
122.2,0.0063273,-0.00162162,-0.25089
122.25,0.00639227,-0.00165981,-0.254048
122.3,0.00643463,-0.00168452,-0.256044
122.35,0.00643998,-0.00168697,-0.256196
122.4,-0.149852,-0.180785,-2.26291
122.45,-0.143156,-0.174678,-2.25734
122.5,0.00644519,-0.0016871,-0.256017
122.55,0.0064326,-0.00167559,-0.254821
122.6,-0.136122,-0.177561,-2.22485
122.65,0.00648129,-0.00169792,-0.256215
122.7,0.00651545,-0.00171783,-0.257788
122.75,0.00650078,-0.00170679,-0.256757
122.8,0.00650048,-0.00170585,-0.256632
122.85,0.00649705,-0.00170304,-0.256358
122.9,-0.144684,-0.181548,-2.24367
122.95,0.00649772,-0.00170152,-0.256113
123,0.00651209,-0.00170942,-0.256707
123.05,0.00654408,-0.00172722,-0.258052
123.1,0.00659495,-0.00175784,-0.260487
123.15,-0.142228,-0.179535,-2.24076
123.2,0.00662237,-0.0017729,-0.261579
123.25,0.00661987,-0.00177056,-0.261344
123.3,-0.137573,-0.176812,-2.23203
123.35,0.00660814,-0.00176054,-0.260371
123.4,0.00662786,-0.00177177,-0.261214
123.45,0.006656,-0.00178723,-0.262326
123.5,0.00670549,-0.00181733,-0.264663
123.55,0.00673283,-0.00183369,-0.265901
123.6,0.00673806,-0.00183628,-0.266063
123.65,0.00673652,-0.00183465,-0.265896
123.7,0.00673674,-0.00183411,-0.265812
123.75,0.0067353,-0.00183254,-0.265649
123.8,-0.149199,-0.191181,-2.23348
123.85,0.00678948,-0.00186478,-0.268048
123.9,0.00682587,-0.00188667,-0.269667
123.95,0.00683232,-0.00188894,-0.269734
124,0.00683237,-0.00188831,-0.269646
124.05,0.00683057,-0.00188652,-0.26947
124.1,0.00683111,-0.00188621,-0.269408
124.15,0.00683047,-0.00188455,-0.269206
124.2,0.00682519,-0.00187877,-0.268617
124.25,-0.136274,-0.179614,-2.21985
124.3,0.00673146,-0.00180438,-0.261895
124.35,0.00667459,-0.00176113,-0.257977
124.4,0.00661774,-0.00171942,-0.254199
124.45,0.00655069,-0.00167142,-0.249821
124.5,0.00653122,-0.00165715,-0.248484
124.55,0.0065292,-0.00165515,-0.24827
124.6,0.00655152,-0.00166885,-0.249424
124.65,0.00659559,-0.00169642,-0.251749
124.7,0.00664671,-0.00172846,-0.254413
124.75,-0.134713,-0.185553,-2.19876
124.8,0.00668511,-0.00175115,-0.256191
124.85,0.00668204,-0.00174812,-0.255881
124.9,0.00664603,-0.00172157,-0.253466
124.95,0.00659634,-0.00168527,-0.250134
125,0.00658175,-0.00167428,-0.249099
125.05,0.00659956,-0.00168519,-0.250007
125.1,0.00664142,-0.00171168,-0.252238
125.15,0.00668797,-0.00174118,-0.254691
125.2,0.0067191,-0.00176073,-0.256285
125.25,0.00673526,-0.00176997,-0.256981
125.3,0.00671784,-0.00175627,-0.25571
125.35,0.00663623,-0.00169674,-0.250316
125.4,0.00653654,-0.00162536,-0.243715
125.45,0.00642863,-0.00154865,-0.236395
125.5,0.0063283,-0.00147691,-0.229278
125.55,0.00625865,-0.00142507,-0.223879
125.6,0.00619708,-0.00137836,-0.218859
125.65,0.00611254,-0.00131657,-0.212147
125.7,0.00599138,-0.00123076,-0.202604
125.75,0.00584543,-0.00112857,-0.190723
125.8,0.00568735,-0.00101824,-0.177158
125.85,0.00551718,-0.000899703,-0.16165
125.9,0.00533043,-0.000769989,-0.143459
125.95,0.00517027,-0.000657519,-0.126494
126,0.00506089,-0.000578038,-0.113724
126.05,0.00500423,-0.000533905,-0.106289
126.1,0.00505658,-0.000566619,-0.11159
126.15,0.00509142,-0.000588872,-0.115148
126.2,-0.103157,-0.198613,-2.04983
126.25,-0.107203,-0.203771,-2.0551
126.3,0.00492421,-0.000469364,-0.0950306
126.35,-0.0983687,-0.200587,-2.02674
126.4,0.0046179,-0.000254591,-0.0550757
126.45,0.00452191,-0.000185361,-0.0409687
126.5,0.00448092,-0.000153057,-0.0341441
126.55,0.00443617,-0.000119104,-0.0268419
126.6,0.0044418,-0.00012089,-0.0272098
126.65,0.00443631,-0.000116043,-0.0261516
126.7,0.00444566,-0.000121591,-0.0273437
126.75,0.00444976,-0.000123723,-0.0277973
126.8,0.00451144,-0.000164622,-0.0364737
126.85,0.00463174,-0.000244863,-0.052817
126.9,0.00477066,-0.000337661,-0.0706609
126.95,0.00488053,-0.000410753,-0.0839637
127,0.00495691,-0.000461392,-0.0928133
127.05,0.00499492,-0.000485687,-0.0969315
127.1,-0.0969586,-0.209563,-2.00414
127.15,-0.101479,-0.227594,-1.99022
127.2,-0.0958522,-0.215956,-1.98853
127.25,0.00439066,-5.46865e-05,-0.0124546
127.3,0.00418525,9.15935e-05,0.0218813
127.35,0.00402117,0.000209881,0.0521466
127.4,0.00401415,0.000218753,0.0544417
127.45,0.0041111,0.000154519,0.0375682
127.5,0.00419525,9.81409e-05,0.0233891
127.55,0.00426627,5.01961e-05,0.0117653
127.6,0.00433747,2.03137e-06,0.00046833
127.65,0.00440749,-4.53709e-05,-0.0102937
127.7,0.00447593,-9.1736e-05,-0.0204925
127.75,0.004543,-0.000137219,-0.0301954
127.8,0.00460873,-0.000181831,-0.0394331
127.85,0.00467254,-0.000224585,-0.048028
127.9,-0.0909368,-0.217147,-1.96739
127.95,0.00454737,-0.000130073,-0.0285962
128,0.00439618,-1.83651e-05,-0.00417748
128.05,0.00431134,4.54745e-05,0.0105473
128.1,0.00411288,0.000190633,0.0463172
128.15,-0.0825461,-0.213598,-1.93957
128.2,0.00375068,0.000458539,0.121651
128.25,-0.0814918,-0.213852,-1.93487
128.3,0.00373045,0.000475483,0.126776
128.35,-0.0808263,-0.213511,-1.93268
128.4,-0.0776531,-0.215096,-1.91725
128.45,-0.0760203,-0.217541,-1.90698
128.5,0.00415467,0.000176998,0.0425764
128.55,0.0041601,0.000176741,0.0424593
128.6,0.00411149,0.000215325,0.0523238
128.65,0.00410675,0.000220898,0.0537372
128.7,0.00410236,0.000225103,0.0548165
128.75,0.00411144,0.000219206,0.0532658
128.8,0.00411837,0.000214724,0.0520908
128.85,0.00413057,0.000206387,0.0499243
128.9,-0.0790215,-0.217208,-1.91972
128.95,0.00413993,0.000201072,0.0485307
129,-0.0762417,-0.214094,-1.91291
129.05,-0.0799904,-0.226688,-1.91002
129.1,0.00425354,0.000121437,0.0285418
129.15,0.00420366,0.000159845,0.038007
129.2,0.00407776,0.000254114,0.0622365
129.25,0.00391787,0.000373787,0.0951177
129.3,0.00385227,0.000423547,0.109508
129.35,0.00385998,0.000418322,0.107953
129.4,0.00386374,0.000415917,0.107233
129.45,0.00393775,0.000361385,0.091518
129.5,0.00408294,0.000254129,0.0621615
129.55,0.00424517,0.000134566,0.031688
129.6,0.00434569,6.12648e-05,0.0140969
129.65,0.00433009,7.33171e-05,0.0169304
129.7,-0.0669071,-0.216532,-1.87048
129.75,0.00388975,0.000404409,0.103596
129.8,-0.0645711,-0.228524,-1.84618
129.85,0.00348904,0.000709878,0.20072
129.9,0.00348427,0.000714641,0.202299
129.95,0.00355044,0.000665554,0.185306
130,0.00368129,0.000567587,0.152977
130.05,0.00378014,0.000493577,0.129836
130.1,0.00384454,0.00044533,0.115321
130.15,0.00385577,0.000437189,0.112903
130.2,-0.0674023,-0.222572,-1.86485
130.25,-0.0644293,-0.222103,-1.85313
130.3,-0.0640762,-0.225958,-1.84712
130.35,-0.0605571,-0.224282,-1.83451
130.4,0.00373515,0.000531967,0.141471
130.45,0.00362546,0.0006161,0.168329
130.5,0.00356731,0.000660981,0.183211
130.55,0.0035791,0.000652203,0.180247
130.6,0.00356427,0.000664078,0.184203
130.65,0.00346422,0.000741351,0.210822
130.7,0.00336034,0.00082183,0.23986
130.75,0.00326142,0.000898577,0.268847
130.8,0.00315416,0.000981901,0.301794
130.85,0.00304809,0.0010644,0.335965
130.9,0.00295961,0.00113338,0.365722
130.95,0.00300206,0.00110038,0.351335
131,0.00316598,0.000972911,0.298142
131.05,0.00334828,0.000831568,0.243431
131.1,0.00342719,0.000770499,0.221142
131.15,0.00343984,0.000761115,0.217756
131.2,0.00345851,0.000747014,0.212725
131.25,0.0034743,0.000735145,0.20852
131.3,0.00349489,0.000719501,0.203036
131.35,0.00351527,0.000703999,0.197654
131.4,-0.0545932,-0.223339,-1.81054
131.45,0.0036505,0.000599546,0.162783
131.5,-0.0485797,-0.238063,-1.7721
131.55,-0.0461069,-0.229773,-1.76883
131.6,-0.0459056,-0.222488,-1.77427
131.65,-0.0454372,-0.232704,-1.76363
131.7,0.00378002,0.000497034,0.13074
131.75,0.00356139,0.000666924,0.185121
131.8,0.00330523,0.000867418,0.25665
131.85,0.00307683,0.00104723,0.32806
131.9,0.00290114,0.00118613,0.388112
131.95,0.00278222,0.00128047,0.431331
132,0.00270633,0.00134085,0.46
132.05,0.00267365,0.00136698,0.472629
132.1,0.00269743,0.00134806,0.463455
132.15,0.00282865,0.00124281,0.413974
132.2,0.00298928,0.00111384,0.356675
132.25,0.00306529,0.00105294,0.330877
132.3,0.0030951,0.0010292,0.321024
132.35,0.0031118,0.00101622,0.315651
132.4,-0.0505425,-0.224962,-1.7918
132.45,0.00315391,0.000983479,0.302273
132.5,-0.0425488,-0.226361,-1.7566
132.55,-0.0514322,-0.223492,-1.79699
132.6,0.00357499,0.000647518,0.179182
132.65,-0.0421554,-0.234339,-1.74878
132.7,-0.0361391,-0.228452,-1.72769
132.75,0.00352272,0.000686221,0.192389
132.8,0.00335361,0.000819869,0.239771
132.85,0.00315949,0.0009741,0.299062
132.9,0.00296588,0.00112903,0.363734
132.95,0.00284548,0.00122663,0.407009
133,0.00273093,0.00131981,0.450183
133.05,0.0026109,0.00141789,0.497503
133.1,0.0025035,0.00150595,0.541549
133.15,0.00249564,0.00151168,0.544619
133.2,0.00250833,0.0014998,0.538894
133.25,0.00244476,0.00155138,0.565455
133.3,0.00243253,0.00156158,0.5707
133.35,0.0024407,0.00155495,0.567248
133.4,0.00246854,0.00153213,0.555472
133.45,0.00259481,0.0014271,0.502831
133.5,-0.0331971,-0.227693,-1.71557
133.55,-0.0391479,-0.227483,-1.74122
133.6,-0.0349894,-0.228442,-1.72278
133.65,-0.0303436,-0.230149,-1.70188
133.7,-0.025087,-0.224295,-1.68218
133.75,0.00253826,0.00147217,0.525578
133.8,0.00239734,0.00158709,0.58478
133.85,0.00231341,0.00165393,0.620678
133.9,0.00226641,0.00168978,0.640661
133.95,0.00224789,0.0017028,0.648291
134,0.00221987,0.00172524,0.660671
134.05,0.00221171,0.00173184,0.664309
134.1,0.00224327,0.0017052,0.64996
134.15,0.00226165,0.00168996,0.641721
134.2,-0.0298395,-0.228702,-1.70054
134.25,-0.0319705,-0.225284,-1.71177
134.3,-0.0286851,-0.228201,-1.69584
134.35,-0.028718,-0.23553,-1.69213
134.4,0.00215481,0.00178104,0.690718
134.45,0.00194977,0.00195459,0.786632
134.5,0.00170003,0.00216733,0.905646
134.55,0.0014475,0.00238376,1.02507
134.6,0.00136812,0.00245024,1.06156
134.65,0.00143124,0.00239371,1.03191
134.7,0.00162781,0.00222154,0.938433
134.75,0.00193969,0.0019489,0.787766
134.8,-0.0217488,-0.23131,-1.66455
134.85,-0.0240404,-0.233243,-1.6735
134.9,-0.0210284,-0.233744,-1.66052
134.95,-0.0171842,-0.231555,-1.64487
135,-0.0115438,-0.234771,-1.61993
135.05,-0.0140709,-0.232142,-1.63134
135.1,-0.0125194,-0.230586,-1.62504
135.15,-0.0169786,-0.235242,-1.64285
135.2,0.00209743,0.00177544,0.702449
135.25,0.00192268,0.00192146,0.78508
135.3,0.00181163,0.00200852,0.836891
135.35,0.00172218,0.00207678,0.878471
135.4,0.00172985,0.00206175,0.87271
135.45,0.00187016,0.00193194,0.801646
135.5,0.00212989,0.00169953,0.673488
135.55,0.00238131,0.00147593,0.554848
135.6,0.00261855,0.00126616,0.450389
135.65,0.00284216,0.00106964,0.359953
135.7,0.00293716,0.000983931,0.323245
135.75,-0.0273486,-0.224575,-1.69198
135.8,-0.0233776,-0.224052,-1.67476
135.85,0.0029511,0.000971313,0.317969
135.9,0.00290673,0.00100694,0.333479
135.95,-0.00744511,-0.231528,-1.60294
136,0.00267768,0.00119135,0.418619
136.05,-0.02213,-0.225854,-1.66847
136.1,0.00258117,0.0012558,0.45281
136.15,-0.00746223,-0.231782,-1.60298
136.2,-0.00832578,-0.233991,-1.60636
136.25,-0.0168258,-0.229239,-1.64406
136.3,0.00287163,0.000984846,0.330387
136.35,0.00279641,0.0010446,0.3575
136.4,0.00265174,0.00116325,0.413394
136.45,0.00251576,0.00127573,0.469307
136.5,0.00243835,0.00134023,0.50257
136.55,0.00239775,0.00137384,0.520309
136.6,0.00243877,0.00133722,0.50155
136.65,0.00259848,0.00119295,0.430391
136.7,0.00280242,0.00100935,0.345706
136.75,-0.00805526,-0.232294,-1.60546
136.8,-0.0100662,-0.237056,-1.61323
136.85,-0.00702429,-0.233391,-1.60088
136.9,-0.00854697,-0.233274,-1.60742
136.95,-0.0117582,-0.229219,-1.62205
137,0.00273817,0.00102277,0.357476
137.05,0.00255726,0.00116906,0.428787
137.1,0.00238003,0.00131199,0.503802
137.15,0.00225422,0.00141141,0.559404
137.2,0.00217996,0.00146647,0.592172
137.25,0.00218728,0.00144991,0.585379
137.3,0.00231034,0.00133385,0.523591
137.35,0.00247532,0.00118475,0.446402
137.4,0.00264171,0.00103615,0.373788
137.45,0.00279773,0.000897522,0.310432
137.5,0.00291426,0.000793913,0.265969
137.55,0.00293232,0.00077808,0.259369
137.6,0.0028894,0.000811826,0.273905
137.65,0.00272191,0.000945723,0.334399
137.7,0.00251028,0.00111713,0.418708
137.75,0.00229584,0.00129319,0.512977
137.8,-0.00663407,-0.235611,-1.59895
137.85,-0.00645273,-0.231569,-1.59865
137.9,-0.0222691,-0.224878,-1.6695
137.95,-0.0115097,-0.230255,-1.62074
138,-0.0107892,-0.227717,-1.61814
138.05,0.00250496,0.00103288,0.391094
138.1,0.00247196,0.00104075,0.398496
138.15,0.00243937,0.00104792,0.40575
138.2,0.00245119,0.00101954,0.394169
138.25,0.00251936,0.000946919,0.359521
138.3,0.00259507,0.000869125,0.323172
138.35,0.00272302,0.000751952,0.269432
138.4,0.00285856,0.000630889,0.217219
138.45,0.00298461,0.000519447,0.172316
138.5,0.0030762,0.000434984,0.140472
138.55,0.00307492,0.000419629,0.135631
138.6,0.00294931,0.000505305,0.169683
138.65,0.00276006,0.000645275,0.229665
138.7,0.0025789,0.000776655,0.292519
138.75,0.00244962,0.000861958,0.338344
138.8,0.00231826,0.000948862,0.388498
138.85,0.00220171,0.00102338,0.435102
138.9,-0.253369,0.0264284,3.03766
138.95,-0.228523,0.0253651,3.03105
139,-0.004662,-0.231639,-1.59092
139.05,-0.0965457,-0.126532,-2.22258
139.1,-0.0463235,-0.187826,-1.8126
139.15,-0.0532109,-0.174921,-1.8661
139.2,-0.0909731,-0.12706,-2.19217
139.25,-0.102785,-0.125711,-2.25619
139.3,-0.186748,-0.0643165,-2.80991
139.35,-0.271996,0.0161878,3.08215
139.4,-0.289387,0.0109493,3.10377
139.45,-0.286442,0.0112757,3.10225
139.5,-0.290863,0.0101103,3.10685
139.55,-0.289782,0.00589006,3.12127
139.6,-0.31271,0.00420599,3.12814
139.65,-0.315168,-0.00172583,-3.13612
139.7,-0.322919,-0.00649746,-3.12147
139.75,-0.333153,-0.0108246,-3.10911
139.8,-0.31127,-0.0157814,-3.09094
139.85,-0.329051,-0.0199512,-3.08103
139.9,-0.328881,-0.0256006,-3.06391
139.95,-0.323452,-0.0306929,-3.04698
140,-0.314459,-0.0347945,-3.03139
140.05,-0.328143,-0.0389257,-3.02352
140.1,-0.305952,-0.0413717,-3.00719
140.15,-0.305612,-0.0464481,-2.99076
140.2,-0.327072,-0.0523136,-2.98299
140.25,-0.30177,-0.0536107,-2.96577
140.3,-0.272613,-0.0530563,-2.94937
140.35,-0.277695,-0.0563968,-2.94123
140.4,-0.271638,-0.0579467,-2.93142
140.45,-0.250693,-0.0561092,-2.9214
140.5,-0.232647,-0.0541528,-2.9129
140.55,0.000866034,0.00105844,0.885045
140.6,0.000816952,0.00105225,0.910619
140.65,0.000794757,0.00103266,0.914858
140.7,0.00078176,0.00100855,0.911405
140.75,0.000777086,0.000983887,0.902298
140.8,0.000792606,0.000954934,0.878022
140.85,0.000829367,0.000921654,0.838054
140.9,0.000894568,0.000879663,0.776998
140.95,0.00101484,0.000816071,0.677258
141,0.00116225,0.000742499,0.568494
141.05,0.00131371,0.000668636,0.470795
141.1,0.00147828,0.000591302,0.380501
141.15,-0.246038,-0.0522003,-2.93253
141.2,-0.235839,-0.0516533,-2.92598
141.25,-0.238721,-0.0531194,-2.92264
141.3,-0.261652,-0.0647637,-2.89895
141.35,-0.236796,-0.0648029,-2.87447
141.4,0.00235861,0.000213525,0.0902838
141.45,0.0024496,0.000180662,0.0736184
141.5,0.00253274,0.00015318,0.0604062
141.55,0.0026209,0.0001256,0.047886
141.6,0.00272745,9.13448e-05,0.0334785
141.65,0.00283414,5.77849e-05,0.0203861
141.7,0.00294844,2.02745e-05,0.00687624
141.75,0.00306502,-1.97163e-05,-0.00643259
141.8,0.00316795,-5.41505e-05,-0.0170915
141.85,0.00326051,-8.46636e-05,-0.0259605
141.9,0.00334389,-0.000111809,-0.0334243
141.95,0.00342118,-0.000137434,-0.0401498
142,-0.238958,-0.0635595,-2.88163
142.05,-0.227466,-0.0641746,-2.86661
142.1,-0.232707,-0.0667349,-2.86231
142.15,-0.235823,-0.0752969,-2.83253
142.2,-0.213425,-0.0674409,-2.83553
142.25,0.00352198,-0.000151008,-0.0428497
142.3,0.00348714,-0.000128512,-0.0368365
142.35,0.00345185,-0.000105329,-0.0305043
142.4,0.00342298,-8.51495e-05,-0.0248707
142.45,0.00342461,-7.89547e-05,-0.023051
142.5,0.00345565,-8.77531e-05,-0.0253886
142.55,0.00349348,-9.95489e-05,-0.0284879
142.6,0.00352892,-0.000110154,-0.0312046
142.65,0.00356004,-0.00011914,-0.0334536
142.7,0.00358245,-0.000125312,-0.0349652
142.75,0.00358452,-0.000124766,-0.0347929
142.8,-0.243673,-0.0756882,-2.84043
142.85,-0.245963,-0.0783373,-2.83326
142.9,-0.239604,-0.0807572,-2.81651
142.95,-0.235837,-0.0864672,-2.79017
143,-0.235559,-0.0861166,-2.7911
143.05,0.00356469,-9.47693e-05,-0.0265793
143.1,0.00356395,-8.23629e-05,-0.0231059
143.15,0.00356013,-6.84548e-05,-0.0192258
143.2,0.00355364,-5.5038e-05,-0.0154865
143.25,0.00354039,-4.39811e-05,-0.012422
143.3,0.00353601,-3.99884e-05,-0.0113084
143.35,0.0035367,-3.9732e-05,-0.0112337
143.4,0.00354275,-4.12125e-05,-0.0116324
143.45,0.00356253,-4.7169e-05,-0.0132395
143.5,0.00359198,-5.59663e-05,-0.0155796
143.55,-0.229978,-0.0819675,-2.79921
143.6,-0.242582,-0.090903,-2.78306
143.65,-0.227583,-0.0855467,-2.78204
143.7,-0.238009,-0.095721,-2.75921
143.75,-0.235111,-0.101286,-2.73482
143.8,0.00369218,-6.71014e-05,-0.0181719
143.85,0.00366036,-4.50608e-05,-0.0123099
143.9,0.00362654,-2.13156e-05,-0.00587759
143.95,0.0036007,-1.68651e-06,-0.000468382
144,0.00360293,3.72533e-06,0.00103397
144.05,0.00362428,-1.41793e-06,-0.000391231
144.1,0.00364967,-8.27905e-06,-0.00226843
144.15,0.00367194,-1.4627e-05,-0.00398343
144.2,0.00369244,-2.06309e-05,-0.00558727
144.25,-0.227047,-0.093693,-2.75022
144.3,-0.247272,-0.104689,-2.7411
144.35,-0.242074,-0.105475,-2.73068
144.4,-0.242751,-0.114276,-2.70161
144.45,-0.222633,-0.107301,-2.69248
144.5,0.00366181,1.34249e-05,0.00366618
144.55,0.00364823,3.00566e-05,0.00823848
144.6,0.00364012,4.60336e-05,0.0126455
144.65,0.00364465,5.59984e-05,0.0153634
144.7,0.00366012,5.86726e-05,0.0160289
144.75,0.00368324,5.51873e-05,0.0149823
144.8,0.00370343,5.04207e-05,0.0136137
144.85,0.00371199,4.91134e-05,0.0132303
144.9,0.00371238,5.00254e-05,0.0134745
144.95,-0.222094,-0.103009,-2.70732
145,-0.242319,-0.115402,-2.69713
145.05,-0.225492,-0.110342,-2.68651
145.1,-0.233318,-0.121088,-2.66287
145.15,-0.228643,-0.125182,-2.64067
145.2,0.00369464,8.0022e-05,0.0216555
145.25,0.00368479,9.59286e-05,0.0260278
145.3,0.0036746,0.000112772,0.03068
145.35,0.00366521,0.000126901,0.0346094
145.4,0.00366004,0.000135627,0.0370392
145.45,0.00365785,0.000138801,0.0379279
145.5,0.00365609,0.00014073,0.0384729
145.55,0.00365378,0.000142851,0.0390768
145.6,-0.230044,-0.119211,-2.66348
145.65,-0.230376,-0.122716,-2.65215
145.7,-0.233992,-0.127841,-2.64156
145.75,-0.236544,-0.137718,-2.61436
145.8,-0.214864,-0.129574,-2.59893
145.85,0.00365924,0.000167135,0.045643
145.9,0.00364782,0.000183593,0.050287
145.95,0.00363789,0.000199946,0.0549068
146,0.00362907,0.000212882,0.058593
146.05,0.00362653,0.000217857,0.0600012
146.1,0.0036251,0.000219749,0.0605445
146.15,0.00362314,0.000221748,0.0611272
146.2,0.00362088,0.000223777,0.0617232
146.25,-0.226723,-0.132631,-2.61228
146.3,-0.252641,-0.151364,-2.60182
146.35,-0.24532,-0.150511,-2.59128
146.4,-0.243083,-0.154363,-2.57582
146.45,-0.224305,-0.151773,-2.54672
146.5,0.00361319,0.000252273,0.0697068
146.55,0.0035984,0.000269672,0.0748024
146.6,0.00358187,0.000288555,0.0803864
146.65,0.00356251,0.000306927,0.0859427
146.7,0.00354561,0.000321199,0.090344
146.75,0.00353899,0.000327005,0.092139
146.8,0.00353675,0.000329079,0.0927784
146.85,0.00353405,0.00033124,0.0934553
146.9,0.00353421,0.000332639,0.0938434
146.95,-0.22258,-0.145796,-2.56169
147,-0.229856,-0.154334,-2.55029
147.05,-0.235399,-0.158953,-2.54767
147.1,-0.244521,-0.175561,-2.5189
147.15,-0.228619,-0.170013,-2.50217
147.2,-0.219826,-0.164214,-2.5
147.25,0.00352324,0.000370446,0.104759
147.3,0.00350446,0.00038967,0.110738
147.35,0.00348522,0.00040944,0.116943
147.4,0.00346815,0.000426643,0.122403
147.45,0.00345522,0.000439273,0.126455
147.5,0.0034476,0.000446286,0.128733
147.55,0.00344595,0.000448062,0.1293
147.6,0.00344465,0.000449511,0.129762
147.65,0.00344454,0.000449855,0.129864
147.7,0.00344494,0.000450051,0.129905
147.75,-0.231997,-0.172406,-2.5025
147.8,-0.227396,-0.172038,-2.49391
147.85,-0.234051,-0.180264,-2.4853
147.9,-0.238606,-0.18987,-2.46945
147.95,-0.216736,-0.179049,-2.45113
148,-0.197108,-0.166503,-2.44017
148.05,0.00341257,0.000491307,0.142987
148.1,0.00339068,0.000511055,0.149597
148.15,0.00336911,0.000531328,0.156417
148.2,0.00334932,0.000550574,0.162927
148.25,0.00333478,0.00056493,0.167812
148.3,0.00333043,0.000569935,0.169487
148.35,0.00333188,0.000569907,0.169407
148.4,0.00333389,0.000569758,0.169264
148.45,0.00333642,0.000569498,0.169062
148.5,0.00333918,0.000569188,0.168835
148.55,-0.194092,-0.158834,-2.45577
148.6,-0.210286,-0.178633,-2.4374
148.65,-0.216416,-0.187626,-2.42733
148.7,-0.216824,-0.195658,-2.40747
148.75,-0.219531,-0.199623,-2.40365
148.8,-0.214873,-0.200386,-2.39107
148.85,0.00330577,0.000602825,0.180373
148.9,0.00327917,0.000623492,0.187894
148.95,0.00325333,0.000644252,0.195499
149,0.00323291,0.000661151,0.201725
149.05,0.00322353,0.000669541,0.204792
149.1,0.00322288,0.000671158,0.205314
149.15,0.0032234,0.000671761,0.205461
149.2,0.00322453,0.000671807,0.205405
149.25,-0.213587,-0.198972,-2.3916
149.3,-0.205559,-0.195011,-2.38252
149.35,-0.211312,-0.20054,-2.38234
149.4,-0.219203,-0.215859,-2.36388
149.45,-0.217412,-0.218295,-2.35417
149.5,-0.216183,-0.222787,-2.34115
149.55,-0.198487,-0.207726,-2.33345
149.6,0.00316075,0.000717613,0.223254
149.65,0.00312961,0.000739588,0.232062
149.7,0.00309925,0.000761422,0.240908
149.75,0.0101321,0.00179608,0.175443
149.8,0.0100871,0.00182712,0.179192
149.85,0.0100528,0.00184701,0.181706
149.9,0.0100309,0.00185399,0.182765
149.95,0.0100139,0.0018561,0.183273
150,0.00999846,0.00185655,0.183593
150.05,0.00998308,0.00185687,0.183901
150.1,0.00996767,0.00185716,0.184206
150.15,-0.175065,-0.189328,-2.31707
150.2,-0.195203,-0.217154,-2.30301
150.25,-0.203706,-0.229537,-2.29664
150.3,-0.192113,-0.224975,-2.27757
150.35,-0.191486,-0.2307,-2.26358
150.4,-0.182311,-0.221796,-2.25879
150.45,0.00978998,0.00191372,0.193044
150.5,0.00973025,0.0019506,0.197845
150.55,0.00966808,0.00199022,0.203019
150.6,0.00961249,0.0020253,0.207657
150.65,0.00957162,0.00204788,0.210776
150.7,0.00954035,0.00206191,0.212851
150.75,0.00951887,0.00206735,0.213863
150.8,0.00950364,0.00206744,0.214205
150.85,0.00948848,0.00206743,0.214536
150.9,0.00947331,0.00206739,0.214864
150.95,-0.151871,-0.186588,-2.25398
151,-0.193403,-0.242911,-2.24321
151.05,-0.187585,-0.238888,-2.23647
151.1,-0.199943,-0.263552,-2.21981
151.15,-0.184903,-0.252333,-2.20318
151.2,-0.161036,-0.227164,-2.18747
151.25,0.00924021,0.00214494,0.228092
151.3,0.00916145,0.00218559,0.234186
151.35,0.00908041,0.00222664,0.240469
151.4,0.00900127,0.00226508,0.246522
151.45,0.0089348,0.00229293,0.251208
151.5,0.00887287,0.00231555,0.255277
151.55,0.00881559,0.00233296,0.25871
151.6,0.00876384,0.00234496,0.261448
151.65,0.00871845,0.00235143,0.263439
151.7,0.00867567,0.00235501,0.265063
151.75,0.00863004,0.00235887,0.266815
151.8,0.00858128,0.00236306,0.268713
151.85,0.00852907,0.00236759,0.270773
151.9,-0.178674,-0.258812,-2.17503
151.95,-0.180305,-0.266048,-2.16641
152,-0.180849,-0.276021,-2.15082
152.05,-0.172209,-0.270893,-2.13706
152.1,-0.155193,-0.253952,-2.11935
152.15,0.00793855,0.00246922,0.301556
152.2,0.00772536,0.00251685,0.314946
152.25,0.00748081,0.00256827,0.330707
152.3,0.00720245,0.00262293,0.349244
152.35,0.0069159,0.00267285,0.368796
152.4,0.00663651,0.00271642,0.388509
152.45,0.00638175,0.00275344,0.407326
152.5,0.00617825,0.00278177,0.423064
152.55,0.00603963,0.00280144,0.434305
152.6,0.00589609,0.00281759,0.44579
152.65,0.00567203,0.00283633,0.463692
152.7,0.00539174,0.00285721,0.487299
152.75,-0.155577,-0.254828,-2.11891
152.8,-0.157169,-0.271925,-2.09487
152.85,-0.161336,-0.283439,-2.08827
152.9,-0.158168,-0.290346,-2.06961
152.95,-0.150613,-0.291271,-2.04802
153,-0.139843,-0.272014,-2.04566
153.05,0.00298803,0.00307318,0.799445
153.1,0.0021279,0.0031477,0.976347
153.15,0.00113868,0.0032199,1.23088
153.2,1.63633e-05,0.00328881,1.56582
153.25,-0.00123485,0.00335403,1.92357
153.3,-0.00249795,0.00341022,2.203
153.35,-0.00358357,0.00345449,2.37453
153.4,-0.00440519,0.00348703,2.47201
153.45,-0.00495585,0.00351046,2.52529
153.5,-0.165693,-0.312965,-2.05771
153.55,-0.174354,-0.323046,-2.06571
153.6,-0.188946,-0.350582,-2.06512
153.65,-0.179283,-0.350349,-2.04378
153.7,-0.174454,-0.356175,-2.02625
153.75,-0.176888,-0.381075,-2.00538
153.8,-0.162384,-0.364102,-1.99031
153.85,-0.15875,-0.373668,-1.97253
153.9,-0.149432,-0.366271,-1.95817
153.95,-0.148128,-0.363316,-1.95793
154,-0.139917,-0.349094,-1.95199
154.05,-0.13811,-0.343587,-1.953
154.1,-0.0274245,0.00290902,3.03591
154.15,-0.260215,-0.0441397,-2.97356
154.2,-0.28102,-0.0499358,-2.96573
154.25,-0.278321,-0.0565936,-2.94099
154.3,-0.265927,-0.0570182,-2.93038
154.35,-0.042269,0.0018034,3.09895
154.4,-0.0459156,0.00135182,3.11216
154.45,-0.0492023,0.000882884,3.12365
154.5,-0.0513011,0.000525536,3.13135
154.55,-0.0535329,0.000107903,3.13958
154.6,-0.0557771,-0.000363027,-3.13508
154.65,-0.0580956,-0.000882295,-3.12641
154.7,-0.0607688,-0.00149393,-3.11701
154.75,-0.06378,-0.00220462,-3.10704
154.8,-0.0666777,-0.00293811,-3.09756
154.85,-0.0691063,-0.00361538,-3.08932
154.9,-0.0705898,-0.0041199,-3.08329
154.95,-0.0718613,-0.00462725,-3.07729
155,-0.0731471,-0.0051947,-3.07069
155.05,-0.0745646,-0.00584958,-3.0633
155.1,-0.0758396,-0.00653831,-3.05559
155.15,-0.0772129,-0.00730988,-3.0472
155.2,-0.0788806,-0.00821954,-3.03777
155.25,-0.080647,-0.00919008,-3.02813
155.3,-0.0824129,-0.0101918,-3.01855
155.35,-0.084044,-0.011207,-3.00903
155.4,-0.0853899,-0.0121743,-2.99997
155.45,-0.0859834,-0.0129045,-2.99262
155.5,-0.0857816,-0.0133829,-2.98683
155.55,-0.085538,-0.0139072,-2.98042
155.6,-0.0852436,-0.0144856,-2.97327
155.65,-0.084782,-0.0150431,-2.96599
155.7,-0.0837055,-0.0153023,-2.96078
155.75,-0.0822867,-0.0153784,-2.95684
155.8,-0.0808127,-0.0154238,-2.953
155.85,-0.0795044,-0.0155361,-2.94861
155.9,-0.0783523,-0.0157143,-2.94366
155.95,-0.0772054,-0.0159484,-2.93789
156,-0.076121,-0.0163783,-2.92966
156.05,-0.0751681,-0.0168349,-2.92126
156.1,-0.0744664,-0.0173854,-2.91223
156.15,-0.0739002,-0.0179368,-2.90348
156.2,-0.0732709,-0.0183929,-2.89565
156.25,-0.0726313,-0.0188314,-2.8879
156.3,-0.0718546,-0.0191661,-2.88093
156.35,-0.0696173,-0.018916,-2.87628
156.4,-0.0658503,-0.0181306,-2.87292
156.45,-0.062094,-0.0173459,-2.86919
156.5,-0.0581166,-0.0164568,-2.86565
156.55,-0.0541629,-0.0155214,-2.8625
156.6,-0.0502502,-0.0144455,-2.86167
156.65,-0.0464945,-0.0133287,-2.86241
156.7,-0.042899,-0.0122417,-2.86362
156.75,-0.0394248,-0.0112095,-2.86458
156.8,-0.0360627,-0.0102047,-2.86583
156.85,-0.0329269,-0.00926003,-2.86744
156.9,-0.0299774,-0.00836181,-2.86957
156.95,-0.0271786,-0.00749014,-2.87268
157,-0.0245752,-0.00665677,-2.87707
157.05,-0.022274,-0.00586153,-2.88427
157.1,-0.0201197,-0.00510701,-2.89301
157.15,-0.0180547,-0.00438812,-2.90317
157.2,-0.0161483,-0.00371807,-2.91529
157.25,-0.0144355,-0.00310153,-2.92996
157.3,-0.0128994,-0.00254098,-2.9471
157.35,-0.0114949,-0.00202371,-2.96733
157.4,-0.0102139,-0.00155347,-2.99066
157.45,-0.00904211,-0.00112294,-3.01803
157.5,-0.00793786,-0.000721309,-3.05097
157.55,-0.00686817,-0.000338216,-3.09239
157.6,-0.00578396,3.68092e-05,3.13523
157.65,-0.00449776,0.000450273,3.04181
157.7,-0.00311533,0.000873959,2.86809
157.75,-0.00185974,0.00125388,2.54838
157.8,-0.000749894,0.0015862,2.01242
157.85,0.000216154,0.00187093,1.45577
157.9,0.00105055,0.00211373,1.10954
157.95,0.00159465,0.00226542,0.957452
158,0.001982,0.00236934,0.874181
158.05,0.00224389,0.00243724,0.826679
158.1,0.0024827,0.00249733,0.788336
158.15,0.00269787,0.00255077,0.757378
158.2,0.00287913,0.00259537,0.733613
158.25,0.00303747,0.00263278,0.714149
158.3,0.00317301,0.00266284,0.6982
158.35,0.00328972,0.00268585,0.684684
158.4,0.0033805,0.002701,0.674127
158.45,0.00344998,0.00270838,0.665554
158.5,0.00349773,0.00270806,0.658831
158.55,0.00352443,0.00270012,0.653735
158.6,0.00354476,0.00269041,0.649225
158.65,0.00356932,0.00268361,0.644687
158.7,0.0035982,0.00268001,0.640176
158.75,0.00362917,0.00267809,0.635735
158.8,0.00366377,0.00267938,0.631437
158.85,0.00367527,0.00267418,0.629021
158.9,0.00368415,0.00266575,0.626371
158.95,0.00371034,0.00266274,0.622476
159,0.00375635,0.00266749,0.61749
159.05,0.00382324,0.00268153,0.611649
159.1,0.00390791,0.00270526,0.605507
159.15,0.00399726,0.00273565,0.600167
159.2,0.00409945,0.00277443,0.594973
159.25,0.0042058,0.00281835,0.590382
159.3,0.0042926,0.00285718,0.587269
159.35,0.0043674,0.00289225,0.584928
159.4,0.00441966,0.00292272,0.584278
159.45,0.00441783,0.00292435,0.584725
159.5,0.00432278,0.00287386,0.586722
159.55,0.00421272,0.00281291,0.588731
159.6,0.00409429,0.0027447,0.590564
159.65,0.00397136,0.00267154,0.592168
159.7,0.00382831,0.00258777,0.594407
159.75,0.00365206,0.00248749,0.597941
159.8,0.0034194,0.00236138,0.604378
159.85,-0.109856,-0.205473,-2.06178
159.9,-0.112369,-0.208163,-2.06578
159.95,-0.105722,-0.207501,-2.04202
160,-0.114145,-0.227651,-2.03557
160.05,0.0024475,0.00182967,0.641942
160.1,0.0023618,0.00178425,0.646987
160.15,0.0022781,0.00173979,0.652215
160.2,0.00221816,0.00170823,0.656249
160.25,0.00232781,0.00176852,0.649703
160.3,0.00259489,0.0019076,0.63392
160.35,0.00288018,0.00205503,0.619734
160.4,0.00312802,0.00218468,0.609665
160.45,0.00334651,0.00230008,0.602156
160.5,0.00354456,0.00240538,0.596225
160.55,0.00372446,0.00250155,0.591448
160.6,0.00387621,0.00258395,0.587968
160.65,0.00398688,0.00264734,0.586163
160.7,0.00406346,0.00269469,0.585565
160.75,0.00412426,0.00273479,0.585529
160.8,0.00417684,0.00277059,0.585683
160.85,0.00422148,0.00280244,0.586052
160.9,0.00426484,0.00283498,0.586663
160.95,0.00430205,0.00286445,0.587426
161,0.00432752,0.0028858,0.588129
161.05,0.00436223,0.00291233,0.588665
161.1,0.00440999,0.00294747,0.589174
161.15,0.00444516,0.00297668,0.590062
161.2,0.00446106,0.002997,0.591558
161.25,0.00448395,0.00302112,0.5929
161.3,0.00452349,0.00305512,0.594017
161.35,0.00455427,0.00308481,0.59536
161.4,0.00456212,0.00310088,0.596973
161.45,0.00455665,0.00311026,0.598936
161.5,0.00456614,0.00312903,0.600769
161.55,0.00458819,0.0031558,0.602497
161.6,0.00463732,0.00319863,0.603819
161.65,0.00473428,0.00326615,0.603911
161.7,0.00482786,0.00333117,0.603975
161.75,0.0049124,0.00339046,0.604107
161.8,0.00497202,0.00343456,0.604509
161.85,0.00501642,0.00347042,0.60521
161.9,0.00504575,0.00349925,0.606354
161.95,0.00508053,0.00353246,0.60756
162,0.00513426,0.00357763,0.608585
162.05,0.00519205,0.00362622,0.609663
162.1,0.00525045,0.00367571,0.610776
162.15,0.00531115,0.0037272,0.611913
162.2,0.00535321,0.00376726,0.613231
162.25,0.0053643,0.00378763,0.614796
162.3,0.00537542,0.00380836,0.616392
162.35,0.0054041,0.00384092,0.617899
162.4,0.00544627,0.00388305,0.619381
162.45,0.00549846,0.00393231,0.620832
162.5,0.00555848,0.00398766,0.62231
162.55,0.00561419,0.00404064,0.623838
162.6,0.00566576,0.00409114,0.625392
162.65,0.00571823,0.0041427,0.626962
162.7,0.00576424,0.00419032,0.628586
162.75,0.00580816,0.00423684,0.630227
162.8,0.00584687,0.00427994,0.631886
162.85,0.00588122,0.00432018,0.633553
162.9,0.00592019,0.00436342,0.635156
162.95,0.00595936,0.00440744,0.6368
163,0.00600871,0.00445908,0.638427
163.05,0.00606291,0.00451405,0.639995
163.1,0.00610895,0.0045628,0.641517
163.15,0.00615187,0.00460929,0.64302
163.2,0.00618949,0.0046518,0.644501
163.25,0.00620774,0.00468103,0.646097
163.3,0.00621426,0.00470185,0.647726
163.35,0.00621963,0.00472136,0.649304
163.4,0.00622624,0.00474169,0.650861
163.45,0.00623104,0.00476054,0.652403
163.5,0.00623422,0.00477913,0.654039
163.55,0.00623616,0.00479603,0.655593
163.6,0.00623633,0.00481213,0.657201
163.65,0.00623178,0.00482474,0.658819
163.7,0.00622526,0.00483514,0.660369
163.75,0.0062178,0.00484595,0.662033
163.8,0.00621354,0.00485812,0.663582
163.85,0.00621087,0.00487229,0.665204
163.9,0.00620839,0.0048866,0.666823
163.95,0.00620563,0.00490051,0.668421
164,0.00620235,0.00491466,0.670081
164.05,0.00619678,0.00492664,0.671705
164.1,0.00618986,0.00493857,0.673428
164.15,0.00618181,0.00494956,0.675147
164.2,0.0061709,0.00495864,0.676903
164.25,0.00615815,0.00496722,0.678758
164.3,0.0061433,0.00497372,0.680578
164.35,0.0061263,0.00497954,0.682506
164.4,0.00610693,0.00498382,0.684476
164.45,0.00608492,0.00498572,0.686433
164.5,0.00606021,0.00498661,0.688516
164.55,0.00603255,0.00498492,0.690595
164.6,0.00600288,0.00498255,0.692783
164.65,0.00597531,0.0049809,0.694884
164.7,0.00595061,0.0049798,0.696814
164.75,0.00592787,0.00498023,0.698741
164.8,0.00590774,0.00498116,0.700509
164.85,0.00588881,0.0049833,0.702303
164.9,0.00587041,0.00498563,0.704077
164.95,0.00584564,0.00498343,0.705946
165,0.00579833,0.00496881,0.708508
165.05,0.00572737,0.00493986,0.711707
165.1,0.00564983,0.00490796,0.715246
165.15,0.00556731,0.00487305,0.718998
165.2,0.00547866,0.00483396,0.722964
165.25,0.00538293,0.00479175,0.72736
165.3,-0.0976991,-0.203686,-2.01804
165.35,-0.0999234,-0.199135,-2.03587
165.4,0.00505355,0.00464259,0.743039
165.45,0.00491133,0.00457579,0.750045
165.5,0.00472025,0.00448702,0.760072
165.55,0.00451495,0.00438961,0.771323
165.6,-0.100335,-0.213234,-2.0106
165.65,0.00412638,0.00420579,0.794928
165.7,-0.0988534,-0.215114,-2.00155
165.75,0.00372046,0.00401236,0.823128
165.8,0.00349503,0.00390412,0.840632
165.85,0.0032454,0.00378515,0.86202
165.9,-0.103963,-0.211328,-2.02798
165.95,-0.100012,-0.204432,-2.02578
166,-0.105673,-0.210883,-2.03532
166.05,-0.107322,-0.229825,-2.00767
166.1,-0.0949585,-0.215746,-1.98542
166.15,0.000984954,0.00270916,1.22209
166.2,0.000268906,0.00236023,1.45735
166.25,-0.000558392,0.00195443,1.84909
166.3,-0.00146813,0.00150647,2.34331
166.35,-0.00229037,0.00111135,2.68983
166.4,-0.103788,-0.208306,-2.03304
166.45,-0.109554,-0.210835,-2.05002
166.5,-0.118556,-0.231025,-2.04493
166.55,-0.113912,-0.235428,-2.02144
166.6,-0.108864,-0.238054,-1.99971
166.65,-0.106223,-0.242613,-1.98348
166.7,-0.098481,-0.234973,-1.96767
166.75,-0.0935086,-0.22359,-1.96691
166.8,-0.0898321,-0.229613,-1.94372
166.85,-0.0895563,-0.231731,-1.93958
166.9,-0.0789968,-0.224722,-1.90883
166.95,-0.00749352,-0.00144562,-2.95102
167,-0.0727845,-0.221621,-1.88812
167.05,-0.00897125,-0.00228127,-2.89258
167.1,-0.00962908,-0.00266663,-2.87143
167.15,-0.010245,-0.00302812,-2.8542
167.2,-0.0106088,-0.00323495,-2.84562
167.25,-0.0108008,-0.00333269,-2.8423
167.3,-0.0109101,-0.0033753,-2.84156
167.35,-0.0110105,-0.00341327,-2.84099
167.4,-0.0111018,-0.00344566,-2.84065
167.45,-0.0111849,-0.00347397,-2.84045
167.5,-0.0112587,-0.0034964,-2.84048
167.55,-0.0113227,-0.00351342,-2.84072
167.6,-0.0113769,-0.00352554,-2.84109
167.65,-0.0114206,-0.00353125,-2.84172
167.7,-0.011454,-0.00353185,-2.84249
167.75,-0.0114768,-0.0035259,-2.84353
167.8,-0.0114885,-0.00351458,-2.84471
167.85,-0.0114903,-0.00349698,-2.84616
167.9,-0.0114816,-0.00347363,-2.84781
167.95,-0.0114629,-0.00344536,-2.84962
168,-0.0114342,-0.00341094,-2.85169
168.05,-0.0113959,-0.00337193,-2.85391
168.1,-0.0113483,-0.00332717,-2.8564
168.15,-0.0112908,-0.00327675,-2.85914
168.2,-0.0112212,-0.00321329,-2.8627
168.25,-0.0111041,-0.00307488,-2.87145
168.3,-0.0109764,-0.00290414,-2.88294
168.35,-0.0108552,-0.00272302,-2.89582
168.4,-0.0107354,-0.00254586,-2.90875
168.45,-0.0106309,-0.00241645,-2.91809
168.5,-0.0105488,-0.00234204,-2.92312
168.55,-0.0104659,-0.00227446,-2.9276
168.6,-0.0103823,-0.00220708,-2.93213
168.65,-0.0102958,-0.00213902,-2.93675
168.7,-0.0101198,-0.00198123,-2.94826
168.75,-0.0099132,-0.00178208,-2.96372
168.8,-0.00970516,-0.00156537,-2.98168
168.85,-0.00951521,-0.00135341,-3.0003
168.9,-0.00933625,-0.00115311,-3.01871
168.95,-0.00919363,-0.00100959,-3.03222
169,-0.00908952,-0.00091905,-3.04082
169.05,-0.00944219,-0.00069865,-3.06773
169.1,-0.00936829,-0.00064491,-3.07286
169.15,-0.00929113,-0.000589261,-3.07826
169.2,-0.00894315,-0.000409746,-3.09581
169.25,-0.00812542,5.26649e-07,3.14153
169.3,-0.00714752,0.00051615,3.0695
169.35,-0.00613606,0.00105855,2.97076
169.4,-0.00517852,0.00157434,2.84646
169.45,-0.00430261,0.00204319,2.69825
169.5,-0.00351247,0.00246222,2.5302
169.55,-0.0032679,0.00261582,2.46657
169.6,-0.00323481,0.00264547,2.45608
169.65,-0.00321547,0.00266408,2.4497
169.7,-0.00319525,0.00268362,2.443
169.75,-0.00317203,0.0027041,2.43566
169.8,-0.00314019,0.00273028,2.42591
169.85,-0.00310249,0.00275968,2.41461
169.9,-0.00297784,0.00284486,2.37903
169.95,-0.00266578,0.00302752,2.29274
170,-0.00214337,0.00330668,2.1459
170.05,-0.00164718,0.00356541,2.00358
170.1,-0.00137666,0.00372656,1.92466
170.15,-0.00117972,0.00385086,1.86807
170.2,-0.00103603,0.00394145,1.82784
170.25,-0.000948365,0.00399824,1.80369
170.3,-0.000922801,0.00401919,1.79648
170.35,-0.00091486,0.00403104,1.79397
170.4,-0.000906869,0.00404222,1.79149
170.45,-0.000898151,0.00405416,1.78881
170.5,-0.000872094,0.00407517,1.78162
170.55,-0.000728492,0.00415261,1.74446
170.6,-0.000489197,0.00427584,1.68471
170.65,-0.146197,-0.191475,-2.2229
170.7,-0.148866,-0.193828,-2.22574
170.75,-0.16927,-0.214762,-2.23828
170.8,-0.16607,-0.19954,-2.2649
170.85,-0.178053,-0.203594,-2.28937
170.9,-0.172985,-0.196277,-2.2932
170.95,-0.188594,-0.209983,-2.30258
171,-0.19368,-0.211057,-2.31329
171.05,-0.190773,-0.204185,-2.32225
171.1,-0.197784,-0.204194,-2.34025
171.15,-0.198017,-0.201,-2.34872
171.2,-0.20795,-0.207796,-2.35656
171.25,-0.215958,-0.209308,-2.37183
171.3,-0.209809,-0.200529,-2.37881
171.35,-0.224463,-0.208955,-2.39196
171.4,-0.236027,-0.214203,-2.40463
171.45,-0.226202,-0.202852,-2.41056
171.5,-0.23267,-0.203161,-2.4238
171.55,-0.237406,-0.201854,-2.43695
171.6,-0.24285,-0.201389,-2.44925
171.65,-0.23499,-0.189674,-2.4625
171.7,-0.240928,-0.190137,-2.47348
171.75,-0.244678,-0.188211,-2.4859
171.8,-0.238095,-0.179181,-2.49645
171.85,-0.2464,-0.180783,-2.50861
171.9,-0.243735,-0.174979,-2.51895
171.95,-0.247949,-0.173733,-2.53041
172,-0.252661,-0.173061,-2.54104
172.05,-0.253592,-0.169849,-2.55144
172.1,-0.244065,-0.162594,-2.55392
172.15,0.00469326,0.00549006,0.863485
172.2,0.00481288,0.00547734,0.84988
172.25,0.00490344,0.00546153,0.839191
172.3,0.0049695,0.00544362,0.830898
172.35,0.00501774,0.00542619,0.824487
172.4,0.00504357,0.00541363,0.820771
172.45,-0.253895,-0.168536,-2.55558
172.5,-0.270507,-0.183844,-2.54467
172.55,-0.258399,-0.171647,-2.55525
172.6,-0.271246,-0.169925,-2.58194
172.65,-0.279793,-0.167241,-2.60284
172.7,-0.293356,-0.163431,-2.63331
172.75,-0.28104,-0.150714,-2.64935
172.8,-0.289557,-0.150037,-2.66352
172.85,-0.299645,-0.153202,-2.66896
172.9,0.00545712,0.00528007,0.76891
172.95,0.00548794,0.00525587,0.763801
173,0.00552523,0.00523139,0.758088
173.05,0.00556498,0.005207,0.752177
173.1,0.00559686,0.00519032,0.747728
173.15,0.0056196,0.00518047,0.74476
173.2,-0.315324,-0.165788,-2.65754
173.25,-0.312245,-0.166049,-2.65284
173.3,-0.323777,-0.169593,-2.65909
173.35,-0.298695,-0.144529,-2.69093
173.4,-0.326582,-0.148214,-2.71556
173.45,-0.332139,-0.142984,-2.73508
173.5,-0.31589,-0.128738,-2.7546
173.55,-0.298471,-0.11723,-2.76733
173.6,-0.311185,-0.124243,-2.76173
173.65,0.00579749,0.00502628,0.714267
173.7,0.00582379,0.00500101,0.709535
173.75,0.00585009,0.00497557,0.704791
173.8,0.00587669,0.0049495,0.699963
173.85,0.00590244,0.00492364,0.695232
173.9,0.00592546,0.00489994,0.690947
173.95,0.00594575,0.0048785,0.687118
174,0.0059623,0.00486035,0.683929
174.05,0.00597456,0.00484751,0.681629
174.1,-0.336072,-0.127958,-2.7778
174.15,-0.353047,-0.129136,-2.79093
174.2,-0.350946,-0.126465,-2.79572
174.25,-0.362421,-0.118601,-2.82533
174.3,-0.362038,-0.110959,-2.8442
174.35,-0.361598,-0.100106,-2.87151
174.4,-0.352223,-0.0898342,-2.89187
174.45,-0.329558,-0.0860305,-2.88624
174.5,0.00608738,0.00470382,0.657882
174.55,0.00610933,0.00467463,0.653135
174.6,0.00613095,0.00464655,0.648528
174.65,0.00615144,0.00462007,0.644176
174.7,0.00616629,0.00460113,0.641048
174.75,0.00617531,0.00458972,0.639159
174.8,0.00617929,0.00458566,0.638427
174.85,-0.404142,-0.105184,-2.88698
174.9,-0.376424,-0.0942433,-2.89627
174.95,-0.390749,-0.0975212,-2.89701
175,-0.394822,-0.0868131,-2.92516
175.05,-0.391692,-0.0767191,-2.94818
175.1,-0.396399,-0.0698221,-2.96724
175.15,-0.387341,-0.0596399,-2.98882
175.2,-0.35599,-0.0535501,-2.99229
175.25,0.00627352,0.00444615,0.616552
175.3,0.00629546,0.00441526,0.611625
175.35,0.00631733,0.00438467,0.606735
175.4,0.00633871,0.00435535,0.602017
175.45,0.00635674,0.00433159,0.598145
175.5,0.00637198,0.00431175,0.594898
175.55,0.00638379,0.0042962,0.592364
175.6,0.00639231,0.00428496,0.590535
175.65,0.00640019,0.00427657,0.58906
175.7,-0.409608,-0.0560194,-3.00567
175.75,-0.404503,-0.0532524,-3.0107
175.8,-0.432995,-0.0543604,-3.0167
175.85,-0.422663,-0.0463215,-3.03243
175.9,-0.417137,-0.0381429,-3.05041
175.95,-0.427934,-0.0289082,-3.07414
176,-0.400965,-0.017264,-3.09856
176.05,-0.430492,-0.0138699,-3.10939
176.1,0.00649253,0.0041385,0.567484
176.15,0.00652007,0.00410358,0.561741
176.2,0.00654617,0.00406982,0.55623
176.25,0.00657163,0.00403661,0.55083
176.3,0.00659794,0.00400308,0.545344
176.35,0.00662518,0.00396917,0.53976
176.4,0.00665266,0.00393526,0.534169
176.45,0.006683,0.00390001,0.528252
176.5,0.00671285,0.00386518,0.522426
176.55,0.00674526,0.00382922,0.516323
176.6,0.00677807,0.00379325,0.510211
176.65,0.00680943,0.00375891,0.504389
176.7,0.00683805,0.00373073,0.499447
176.75,0.00685834,0.00371175,0.496063
176.8,0.00686938,0.00370206,0.494299
176.85,0.00687242,0.00369985,0.493864
176.9,0.0068821,0.00369467,0.492693
176.95,0.00690173,0.00368487,0.490402
177,-0.420772,0.0168872,3.10148
177.05,-0.454609,0.0225414,3.09205
177.1,-0.443859,0.0294814,3.07527
177.15,-0.453198,0.0405995,3.05225
177.2,-0.469564,0.0489604,3.0377
177.25,-0.420602,0.0518194,3.01901
177.3,-0.288598,-0.03787,-3.01112
177.35,-0.21202,-0.0867488,-2.75322
177.4,0.00342077,-0.240788,-1.55659
177.45,0.00211255,-0.252643,-1.56243
177.5,0.00289401,-0.25034,-1.55924
177.55,0.00314159,-0.254746,-1.55846
177.6,0.0140554,-0.261029,-1.517
177.65,0.0179014,-0.258731,-1.50172
177.7,0.0222877,-0.265059,-1.48691
177.75,-0.0180903,-0.237665,-1.64677
177.8,-0.0144199,-0.242634,-1.63016
177.85,-0.0037563,-0.245109,-1.58612
177.9,-0.00862801,-0.243984,-1.60614
177.95,-0.015069,-0.24804,-1.63147
178,-0.0135143,-0.242188,-1.62654
178.05,-0.0303951,-0.233651,-1.70016
178.1,-0.0470168,-0.229352,-1.77299
178.15,-0.0393169,-0.226779,-1.74246
178.2,-0.0534544,-0.221551,-1.80755
178.25,-0.0608232,-0.21689,-1.84421
178.3,-0.0731984,-0.208653,-1.9082
178.35,-0.112903,-0.190709,-2.10533
178.4,-0.173828,-0.170109,-2.36701
178.45,-0.360605,-0.106054,-2.85556
178.5,-0.4846,-0.0844965,-2.96896
178.55,-0.594774,-0.0598421,-3.04132
178.6,-0.623179,-0.0497404,-3.06194
178.65,-0.556731,-0.0684637,-3.01923
178.7,-0.671023,0.00342496,3.13649
178.75,-0.577607,-0.0561234,-3.04473
178.8,-0.63086,-0.0341663,-3.08749
178.85,-0.501985,-0.07437,-2.99451
178.9,-0.609234,-0.00710002,-3.12994
178.95,-0.258193,-0.14171,-2.63963
179,-0.337039,-0.119254,-2.80151
179.05,-0.196361,-0.165029,-2.44268
179.1,-0.197423,-0.176448,-2.41224
179.15,-0.159871,-0.179131,-2.29944
179.2,-0.26751,-0.161373,-2.59879
179.25,-0.345597,-0.144692,-2.74509
179.3,-0.4807,-0.0934499,-2.94958
179.35,-0.621602,-0.107009,-2.97111
179.4,-0.838037,-0.0392615,-3.09478
179.45,-0.716037,-0.105695,-2.99504
179.5,-0.759995,-0.107413,-3.00119
179.55,-0.762453,-0.113701,-2.99356
179.6,-0.791107,-0.118474,-2.99294
179.65,-0.787067,-0.132416,-2.97491
179.7,-0.779251,-0.139552,-2.96439
179.75,-0.778322,-0.15877,-2.94036
179.8,-1.06605,-0.124205,-3.02561
179.85,-1.06119,-0.149637,-3.00151
179.9,-1.05142,-0.174628,-2.97701
179.95,-1.02479,-0.177727,-2.96987
180,-1.00525,-0.200099,-2.94511
180.05,-0.996131,-0.215309,-2.92872
180.1,-0.951884,-0.222764,-2.91171
180.15,-0.931988,-0.226743,-2.90294
180.2,-0.896618,-0.227117,-2.89351
180.25,-0.8831,-0.224943,-2.89218
180.3,0.00598223,0.00369613,0.553442
180.35,0.00597833,0.00370928,0.555324
180.4,0.00597217,0.00372094,0.557193
180.45,0.00596466,0.00373011,0.558864
180.5,0.00595608,0.00373758,0.560412
180.55,0.0059497,0.00374254,0.561492
180.6,0.0059442,0.0037451,0.562218
180.65,0.00593941,0.0037463,0.562725
180.7,0.005935,0.00374747,0.563201
180.75,0.00593021,0.00374857,0.5637
180.8,0.00592843,0.00374888,0.563872
180.85,0.00592466,0.00374973,0.564262
180.9,0.00592685,0.00374885,0.563988
180.95,0.0059341,0.00374633,0.563133
181,0.00594309,0.00374349,0.562107
181.05,0.00594463,0.00374282,0.56191
181.1,0.00594191,0.00374346,0.562193
181.15,0.00593728,0.00374454,0.562675
181.2,0.00593269,0.00374562,0.563154
181.25,0.00592832,0.00374674,0.563623
181.3,0.00592356,0.00374786,0.564121
181.35,0.00591954,0.00374888,0.56455
181.4,0.00591393,0.00375026,0.565145
181.45,0.00590891,0.00375157,0.565688
181.5,0.00590328,0.00375296,0.566286
181.55,0.00589823,0.00375428,0.566833
181.6,0.00589329,0.00375544,0.567352
181.65,0.0058947,0.00375476,0.567162
181.7,0.0059039,0.00375162,0.566076
181.75,0.00592063,0.00374641,0.564169
181.8,0.00593836,0.00374091,0.562156
181.85,0.0059492,0.00373751,0.560924
181.9,0.00595442,0.00373587,0.560331
181.95,0.00595301,0.00373603,0.560457
182,0.00594865,0.00373715,0.560922
182.05,0.00594388,0.00373827,0.561419
182.1,0.00593947,0.0037394,0.561889
182.15,-0.824631,-0.159949,-2.95001
182.2,-0.858569,-0.176248,-2.93912
182.25,-0.878091,-0.198915,-2.91882
182.3,-0.897066,-0.207998,-2.91375
182.35,-0.907899,-0.219491,-2.90439
182.4,0.00592068,0.00374527,0.564027
182.45,0.00592326,0.00374923,0.564308
182.5,0.00590869,0.00376217,0.566981
182.55,0.00589088,0.00377614,0.570033
182.6,0.00588089,0.00378347,0.571686
182.65,0.00587555,0.00378546,0.572339
182.7,0.00587296,0.00378597,0.572601
182.75,0.0058723,0.00378578,0.57263
182.8,-0.914639,-0.207506,-2.9185
182.85,-0.897554,-0.216901,-2.90448
182.9,-0.891801,-0.229082,-2.89015
182.95,-0.895146,-0.244007,-2.87547
183,0.00587388,0.00378633,0.572573
183.05,0.00585892,0.00379665,0.574977
183.1,0.00585205,0.00380767,0.576836
183.15,0.00584659,0.00381863,0.578578
183.2,0.00583988,0.00382655,0.580053
183.25,0.00583395,0.00382874,0.580782
183.3,0.00583027,0.00382954,0.581167
183.35,0.00582573,0.00383048,0.581637
183.4,-0.886922,-0.237339,-2.88012
183.45,-0.877954,-0.243187,-2.87137
183.5,-0.903839,-0.267614,-2.85373
183.55,-0.904566,-0.270686,-2.85083
183.6,-0.897622,-0.282521,-2.83667
183.65,-0.883594,-0.29539,-2.81897
183.7,-0.894658,-0.302635,-2.81541
183.75,0.0058047,0.00384592,0.585149
183.8,0.0057731,0.00386772,0.590276
183.85,0.0057433,0.0038901,0.595347
183.9,0.00571757,0.00391032,0.599847
183.95,0.00571102,0.00392116,0.601673
184,0.00572414,0.00391982,0.600443
184.05,0.00574468,0.00391402,0.598085
184.1,0.00575315,0.00391214,0.597177
184.15,0.0057515,0.00391338,0.597458
184.2,-0.884298,-0.286741,-2.82803
184.25,-0.888517,-0.310523,-2.80538
184.3,-0.890628,-0.324506,-2.79219
184.35,-0.877749,-0.343797,-2.76828
184.4,-0.863064,-0.35125,-2.75508
184.45,0.0056814,0.0039495,0.607472
184.5,0.00564982,0.00396982,0.612499
184.55,0.00561591,0.00399241,0.618011
184.6,0.00558343,0.00401563,0.623499
184.65,0.00556682,0.00403151,0.626786
184.7,0.00557608,0.00403266,0.626131
184.75,0.00559416,0.00402741,0.623978
184.8,0.00560275,0.00402523,0.622994
184.85,0.00560566,0.00402404,0.622608
184.9,0.00560221,0.00402512,0.623026
184.95,-0.907373,-0.376878,-2.74792
185,-0.891517,-0.387413,-2.73166
185.05,-0.882539,-0.391528,-2.72404
185.1,-0.86692,-0.423278,-2.68739
185.15,-0.863719,-0.432604,-2.67726
185.2,0.00552002,0.0040668,0.634959
185.25,0.00549822,0.0040846,0.638939
185.3,0.00548231,0.00410116,0.642266
185.35,0.00545274,0.00412223,0.647325
185.4,0.0054176,0.00414547,0.653149
185.45,0.00538721,0.00416537,0.658183
185.5,0.00536795,0.00417752,0.661328
185.55,0.00535864,0.00418195,0.662683
185.6,0.00535113,0.00418533,0.663755
185.65,0.00534364,0.00418866,0.664821
185.7,-0.870735,-0.452221,-2.66258
185.75,-0.860136,-0.470517,-2.64104
185.8,-0.863794,-0.476871,-2.63717
185.85,-0.856702,-0.489026,-2.6229
185.9,-0.844994,-0.51563,-2.59369
185.95,-0.841308,-0.524527,-2.5841
186,-0.814756,-0.517749,-2.5755
186.05,0.00525532,0.00423898,0.678757
186.1,0.00521028,0.00426688,0.68618
186.15,0.00517535,0.00429198,0.69236
186.2,0.00514609,0.0043156,0.697849
186.25,0.00510871,0.00434203,0.704451
186.3,0.00507563,0.00436355,0.710102
186.35,0.00505661,0.00437535,0.713294
186.4,0.00504774,0.00437911,0.714589
186.45,0.00504651,0.00437911,0.714709
186.5,0.00504045,0.00438098,0.715515
186.55,-0.803817,-0.524958,-2.56305
186.6,-0.824536,-0.563424,-2.54215
186.65,-0.821784,-0.575176,-2.53093
186.7,-0.789603,-0.58317,-2.50545
186.75,-0.789314,-0.622959,-2.47345
186.8,-0.782639,-0.617204,-2.47383
186.85,0.00495448,0.00442904,0.72946
186.9,0.00490948,0.00445666,0.737089
186.95,0.00486663,0.00448447,0.744553
187,0.00482632,0.00451125,0.751669
187.05,0.00479278,0.00453301,0.757551
187.1,0.0047692,0.00454796,0.761657
187.15,0.00476564,0.00454991,0.762245
187.2,0.00477354,0.00454582,0.760968
187.25,0.00478447,0.00453992,0.759177
187.3,-0.745412,-0.593269,-2.46936
187.35,-0.752993,-0.627399,-2.44693
187.4,-0.775049,-0.663152,-2.43384
187.45,-0.750757,-0.681508,-2.40451
187.5,-0.738127,-0.688695,-2.39083
187.55,-0.718839,-0.704125,-2.36653
187.6,0.00468673,0.00458637,0.774575
187.65,0.00464222,0.00461251,0.782188
187.7,0.00459785,0.00463941,0.789898
187.75,0.00455889,0.0046638,0.796772
187.8,0.004536,0.00467715,0.800718
187.85,0.00452696,0.00468047,0.802068
187.9,0.0045227,0.00468082,0.802576
187.95,0.00452089,0.0046799,0.802679
188,-0.737657,-0.722648,-2.36647
188.05,-0.736724,-0.741262,-2.35312
188.1,-0.713624,-0.723578,-2.34927
188.15,-0.715134,-0.770351,-2.31904
188.2,-0.665387,-0.77865,-2.27792
188.25,-0.646521,-0.7759,-2.26549
188.3,0.00444637,0.00471796,0.815025
188.35,0.00439817,0.00474556,0.823373
188.4,0.00435157,0.00477254,0.831504
188.45,0.00431667,0.0047929,0.837629
188.5,0.00430085,0.00480043,0.840234
188.55,0.00429626,0.00480098,0.840822
188.6,0.00429164,0.00480117,0.841376
188.65,-0.678884,-0.798981,-2.27511
188.7,-0.660585,-0.812779,-2.25326
188.75,-0.66424,-0.824345,-2.24905
188.8,-0.648952,-0.850015,-2.22286
188.85,-0.607338,-0.850347,-2.191
188.9,-0.591031,-0.851179,-2.17773
188.95,0.00417188,0.00485424,0.860854
189,0.00413498,0.00487534,0.867382
189.05,0.00409971,0.0048964,0.873727
189.1,0.00407159,0.00491313,0.878789
189.15,0.00405417,0.0049228,0.88186
189.2,0.00404869,0.00492437,0.88268
189.25,0.00404544,0.00492393,0.88303
189.3,0.00404133,0.00492407,0.883544
189.35,-0.606327,-0.877549,-2.17541
189.4,-0.592859,-0.899213,-2.15369
189.45,-0.58726,-0.89683,-2.15055
189.5,-0.553293,-0.896956,-2.12352
189.55,-0.546262,-0.93724,-2.0985
189.6,-0.515297,-0.934453,-2.07475
189.65,0.00392873,0.00497007,0.901888
189.7,0.00388981,0.00498983,0.908651
189.75,0.00385404,0.0050088,0.914961
189.8,0.00382379,0.00502553,0.920372
189.85,0.00380704,0.00503398,0.923296
189.9,0.00380545,0.00503381,0.92348
189.95,0.00380747,0.00503173,0.923025
190,0.00381018,0.00502897,0.92242
190.05,-0.520392,-0.958361,-2.06825
190.1,-0.49472,-0.960734,-2.04632
190.15,-0.50371,-0.987448,-2.0425
190.2,-0.467045,-0.984677,-2.01368
190.25,-0.442452,-1.00504,-1.9855
190.3,-0.416675,-1.00271,-1.96463
190.35,0.00374908,0.00504775,0.931969
190.4,0.00370582,0.00506722,0.939349
190.45,0.00366312,0.00508686,0.946699
190.5,0.00362094,0.00510674,0.954021
190.55,0.00358177,0.0051249,0.960813
190.6,0.00355309,0.00513777,0.965756
190.65,0.00354203,0.00514126,0.96753
190.7,0.00354563,0.00513813,0.966771
190.75,0.00354927,0.00513502,0.966008
190.8,-0.398568,-1.01229,-1.94589
190.85,-0.378598,-1.03745,-1.92071
190.9,-0.365951,-1.04956,-1.90629
190.95,-0.338207,-1.06882,-1.87726
191,-0.309903,-1.0817,-1.84982
191.05,-0.289882,-1.03869,-1.84296
191.1,0.00351227,0.00513881,0.971245
191.15,0.00348268,0.00515068,0.976251
191.2,0.0034569,0.0051608,0.980601
191.25,0.00343351,0.00517003,0.98456
191.3,0.00341904,0.00517491,0.986939
191.35,0.00342721,0.00516981,0.985386
191.4,0.00344129,0.00516217,0.982815
191.45,0.00345667,0.00515366,0.979993
191.5,-0.281633,-1.07806,-1.82633
191.55,-0.258702,-1.09115,-1.80359
191.6,-0.246113,-1.10109,-1.7907
191.65,-0.226101,-1.12381,-1.76934
191.7,-0.197602,-1.12263,-1.74503
191.75,-0.163753,-1.11149,-1.71707
191.8,-0.15122,-1.11171,-1.70599
191.85,0.00350927,0.00511235,0.969237
191.9,0.00348183,0.00512128,0.973704
191.95,0.00345349,0.00513089,0.978368
192,0.00342379,0.00514148,0.983314
192.05,0.00340213,0.00514845,0.986862
192.1,0.00339458,0.00514968,0.987992
192.15,0.0034011,0.00514447,0.986646
192.2,0.0034313,0.00512957,0.981232
192.25,0.0034744,0.00510926,0.973606
192.3,0.00352295,0.00508677,0.965074
192.35,0.00357635,0.00506188,0.955703
192.4,0.00363869,0.00503341,0.944861
192.45,-0.0865413,-1.14917,-1.64596
192.5,-0.0657281,-1.14306,-1.62824
192.55,-0.0578628,-1.15334,-1.62092
192.6,-0.0283505,-1.15467,-1.59534
192.65,0.00315369,-1.14999,-1.56805
192.7,0.0259624,-1.14202,-1.54807
192.75,0.00395504,0.00487761,0.88947
192.8,0.0039371,0.00488067,0.892001
192.85,0.00391932,0.00488399,0.894543
192.9,0.00391738,0.00488056,0.894441
192.95,0.00395823,0.00485981,0.887286
193,0.00402921,0.00482635,0.875172
193.05,0.00412275,0.00478348,0.85945
193.1,0.00424165,0.00473027,0.839806
193.15,0.00438963,0.00466444,0.815741
193.2,0.00454894,0.0045936,0.790284
193.25,0.00471734,0.00451816,0.763834
193.3,0.0681823,-1.1469,-1.51142
193.35,0.0915951,-1.16228,-1.49215
193.4,0.11259,-1.15688,-1.47378
193.45,0.135561,-1.14712,-1.45317
193.5,0.157498,-1.15121,-1.43483
193.55,0.0056084,0.00411057,0.632487
193.6,0.00560552,0.00410788,0.632421
193.65,0.00561154,0.00410081,0.631087
193.7,0.00567613,0.00406826,0.621866
193.75,0.00582554,0.00399839,0.60151
193.8,0.00608703,0.00387924,0.567393
193.85,0.0063946,0.00373852,0.529047
193.9,0.00671744,0.00358993,0.490803
193.95,0.00705684,0.0034323,0.452691
194,0.00740475,0.0032699,0.415842
194.05,0.007668,0.00314692,0.389437
194.1,0.00770891,0.00312897,0.385574
194.15,0.00770278,0.00313384,0.386394
194.2,0.00761302,0.00317722,0.395365
194.25,0.00736815,0.00328924,0.419868
194.3,0.00705946,0.00342901,0.452169
194.35,0.00671816,0.00358093,0.489715
194.4,0.00639409,0.00372326,0.527301
194.45,0.00610106,0.00385005,0.562935
194.5,0.00587435,0.00394676,0.591591
194.55,0.00575632,0.0039958,0.606796
194.6,0.00566631,0.00403235,0.618493
194.65,0.00567644,0.00402693,0.617014
194.7,0.00571484,0.00400972,0.611821
194.75,0.00575761,0.00399125,0.606157
194.8,0.00580113,0.00397265,0.600456
194.85,0.00584811,0.00395314,0.594415
194.9,0.00587022,0.00394474,0.59168
194.95,0.00587889,0.003943,0.590793
195,0.00588733,0.00394164,0.58997
195.05,0.00589704,0.003941,0.589133
195.1,0.00592969,0.00393223,0.585559
195.15,0.00600182,0.00390875,0.577261
195.2,0.00609193,0.00387918,0.567021
195.25,0.00618719,0.00384836,0.55643
195.3,0.00629291,0.00381453,0.544939
195.35,0.00639785,0.00378184,0.533857
195.4,0.00651449,0.00374582,0.521833
195.45,0.00664015,0.0037071,0.509183
195.5,0.0067527,0.00367431,0.498322
195.55,0.00682707,0.00365665,0.491729
195.6,0.00686955,0.00365156,0.488574
195.65,0.00684912,0.00366945,0.49184
195.7,-0.230932,-0.0590773,-2.89114
195.75,-0.241266,-0.0614354,-2.89225
195.8,-0.235386,-0.0573786,-2.90249
195.85,-0.238002,-0.0475501,-2.9444
195.9,-0.256355,-0.0463017,-2.9629
195.95,-0.249784,-0.0410086,-2.97887
196,-0.247439,-0.0373654,-2.99172
196.05,-0.132629,-0.0964336,-2.51292
196.1,-0.130772,-0.0893302,-2.5423
196.15,-0.0815152,-0.123994,-2.15237
196.2,0.516183,-0.371429,-0.623739
196.25,0.731946,-0.436403,-0.537638
196.3,0.703636,-0.420668,-0.538837
196.35,0.819889,-0.432471,-0.485385
196.4,0.836659,-0.423429,-0.468512
196.45,0.852529,-0.390321,-0.429353
196.5,0.865179,-0.355854,-0.390215
196.55,0.879578,-0.322456,-0.351389
196.6,0.720843,-0.274061,-0.363318
196.65,0.465877,-0.232133,-0.462264
196.7,-0.00242302,-0.192088,-1.58341
196.75,0.0037499,-0.202979,-1.55232
196.8,-0.0800691,-0.142617,-2.08237
196.85,-0.00701865,-0.196091,-1.60657
196.9,-0.0869526,-0.145558,-2.10928
196.95,-0.0570022,-0.17139,-1.89188
197,-0.091432,-0.150562,-2.11654
197.05,-0.0146116,-0.191159,-1.64708
197.1,-0.0725556,-0.175109,-1.96361
197.15,-0.0609564,-0.160633,-1.93349
197.2,-0.064082,-0.158034,-1.95603
197.25,-0.0561887,-0.175482,-1.88068
197.3,-0.0701321,-0.161512,-1.98045
197.35,-0.0309589,-0.183637,-1.73781
197.4,-0.0934033,-0.161569,-2.09496
197.45,-0.100558,-0.157652,-2.13858
197.5,-0.17863,-0.126842,-2.52413
197.55,-0.125438,-0.141841,-2.2949
197.6,-0.147656,-0.131149,-2.41533
197.65,-0.220894,-0.123544,-2.63164
197.7,-0.47707,-0.0574256,-3.0218
197.75,-0.502773,-0.0606926,-3.02146
197.8,-0.506766,-0.0466712,-3.04976
197.85,-0.511813,-0.0274252,-3.08806
197.9,-0.513884,-0.013664,-3.11501
197.95,-0.255888,-0.100551,-2.76718
198,-0.161414,-0.122078,-2.49407
198.05,-0.162774,-0.118306,-2.5131
198.1,-0.182711,-0.125034,-2.54146
198.15,-0.154944,-0.127867,-2.45165
198.2,-0.214907,-0.100122,-2.70561
198.25,-0.0851804,-0.161631,-2.05581
198.3,-0.119022,-0.150571,-2.2397
198.35,-0.118595,-0.144177,-2.25914
198.4,-0.105667,-0.155815,-2.16671
198.45,-0.0845915,-0.167546,-2.03835
198.5,-0.154514,-0.11764,-2.49086
198.55,-0.163608,-0.128255,-2.47673
198.6,-0.124021,-0.128579,-2.33815
198.65,-0.111857,-0.146232,-2.22378
198.7,0.310716,-0.497524,-1.01254
198.75,0.300358,-0.493585,-1.02413
198.8,0.232363,-0.436598,-1.08171
198.85,0.199775,-0.418473,-1.1254
198.9,0.101228,-0.322642,-1.26678
198.95,0.085708,-0.307445,-1.29892
199,0.0873895,-0.298586,-1.28607
199.05,0.0556143,-0.285994,-1.37873
199.1,0.0554684,-0.277823,-1.37373
199.15,0.0521999,-0.275029,-1.38323
199.2,0.0548113,-0.280928,-1.37811
199.25,0.052926,-0.280929,-1.38458
199.3,0.0526021,-0.28754,-1.38986
199.35,0.0514656,-0.291545,-1.39607
199.4,0.0509124,-0.305206,-1.4055
199.45,0.0531383,-0.301242,-1.39619
199.5,0.0287905,-0.294682,-1.47341
199.55,0.0326454,-0.298432,-1.46184
199.6,0.0192094,-0.288197,-1.50424
199.65,0.0138195,-0.290748,-1.5233
199.7,0.0133452,-0.291395,-1.52503
199.75,0.012972,-0.303507,-1.52808
199.8,0.00742994,-0.295702,-1.54568
199.85,0.00701837,-0.295226,-1.54703
199.9,0.00668282,-0.30241,-1.5487
199.95,-0.0222516,-0.301751,-1.6444
200,-0.0200424,-0.30017,-1.63747
200.05,-0.0215621,-0.296047,-1.6435
200.1,-0.0360479,-0.288011,-1.69531
200.15,-0.0298373,-0.290027,-1.67331
200.2,-0.0315702,-0.279312,-1.68335
200.25,-0.0424499,-0.281414,-1.72051
200.3,-0.0531076,-0.278796,-1.75903
200.35,-0.0675242,-0.272064,-1.81407
200.4,-0.0899539,-0.25826,-1.90596
200.45,-0.115377,-0.24546,-2.01019
200.5,-0.133513,-0.2298,-2.09713
200.55,-0.161578,-0.218074,-2.20847
200.6,-0.211163,-0.189543,-2.4101
200.65,-0.28516,-0.175274,-2.59047
200.7,-0.425296,-0.106455,-2.89632
200.75,-0.624095,-0.0800676,-3.014
200.8,-0.711975,-0.0707808,-3.0425
200.85,-0.701946,-0.0867364,-3.01865
200.9,-0.70706,-0.0935747,-3.01001
200.95,-0.784105,-0.0674052,-3.05584
201,-0.711546,-0.110061,-2.98813
201.05,-0.774011,-0.100942,-3.01191
201.1,-1.06324,-0.0110107,-3.13124
201.15,-1.04236,-0.027709,-3.11502
201.2,-1.03626,-0.0631961,-3.08068
201.25,-1.03632,-0.0796153,-3.06492
201.3,-1.02105,-0.095268,-3.04856
201.35,-1.01377,-0.120634,-3.02315
201.4,-0.997447,-0.135978,-3.0061
201.45,-0.965936,-0.148756,-2.98879
201.5,-0.920559,-0.158087,-2.97152
201.55,-0.931561,-0.169863,-2.96123
201.6,-0.911876,-0.184724,-2.94172
201.65,0.000268287,0.00465247,1.51319
201.7,0.000264518,0.00466831,1.51419
201.75,0.00026337,0.00468361,1.51462
201.8,0.000261706,0.00469855,1.51515
201.85,0.000260525,0.00471347,1.51558
201.9,0.000260384,0.00472321,1.51572
201.95,0.787028,-0.104158,-0.131579
202,0.81275,-0.117055,-0.143039
202.05,0.861596,-0.121194,-0.139746
202.1,0.835182,-0.137141,-0.162752
202.15,0.849809,-0.15507,-0.180491
202.2,0.845712,-0.191901,-0.223132
202.25,0.848,-0.209715,-0.242441
202.3,0.840437,-0.214516,-0.249907
202.35,0.841802,-0.229544,-0.266209
202.4,0.851536,-0.247854,-0.283241
202.45,0.848814,-0.261254,-0.298586
202.5,0.838289,-0.264071,-0.305172
202.55,0.848717,-0.273259,-0.311486
202.6,0.00066803,0.00491069,1.43559
202.65,0.000731415,0.0049298,1.4235
202.7,0.00079358,0.00494861,1.41179
202.75,0.000850995,0.00496456,1.40103
202.8,0.837954,-0.285118,-0.327967
202.85,0.864179,-0.298769,-0.332862
202.9,0.899195,-0.313341,-0.33531
202.95,0.89372,-0.336041,-0.35965
203,0.901291,-0.363367,-0.38323
203.05,0.866576,-0.384392,-0.417499
203.1,0.866285,-0.412906,-0.444786
203.15,0.871778,-0.436784,-0.464468
203.2,0.84732,-0.435381,-0.474653
203.25,0.834066,-0.448939,-0.493781
203.3,0.832842,-0.469805,-0.513603
203.35,0.845284,-0.478132,-0.514776
203.4,0.846373,-0.490039,-0.524825
203.45,0.00211897,0.00512999,1.17909
203.5,0.00227532,0.00514281,1.15426
203.55,0.00239873,0.00515049,1.13494
203.6,0.0024871,0.00515585,1.12134
203.65,0.806183,-0.465236,-0.5234
203.7,0.840951,-0.512826,-0.547606
203.75,0.837772,-0.522639,-0.557768
203.8,0.844712,-0.562329,-0.587336
203.85,0.827,-0.581187,-0.61258
203.9,0.814171,-0.608412,-0.641757
203.95,0.788714,-0.62386,-0.669219
204,0.781787,-0.628806,-0.677369
204.05,0.763439,-0.623535,-0.684868
204.1,0.00412586,0.00518075,0.898265
204.15,0.00447604,0.00518312,0.858472
204.2,0.00477178,0.00518236,0.826623
204.25,0.00497163,0.00518902,0.806791
204.3,0.00510838,0.00520564,0.794828
204.35,0.00523797,0.00522421,0.784083
204.4,0.00533955,0.00523919,0.775911
204.45,0.00539522,0.00524724,0.771494
204.5,0.00540321,0.00524765,0.770794
204.55,0.00541027,0.00524777,0.770152
204.6,0.00544124,0.00525074,0.767583
204.65,0.00553544,0.00526201,0.760081
204.7,0.00568042,0.0052828,0.749145
204.75,0.00584776,0.00531017,0.737255
204.8,0.00600928,0.0053405,0.726542
204.85,0.00608573,0.00536021,0.722096
204.9,0.00608796,0.00536064,0.721954
204.95,0.00608727,0.00536055,0.722002
205,0.00608549,0.00536045,0.722138
205.05,0.00608263,0.00536034,0.722361
205.1,0.00607869,0.00536022,0.722671
205.15,0.00607362,0.0053601,0.723074
205.2,0.0060675,0.00535998,0.723563
205.25,0.00606033,0.00535985,0.724138
205.3,0.00605216,0.00535973,0.724797
205.35,0.00604299,0.00535961,0.725538
205.4,0.00603286,0.0053595,0.726361
205.45,-0.422278,-0.20955,-2.68096
205.5,-0.412985,-0.215025,-2.66155
205.55,-0.431426,-0.230206,-2.65143
205.6,-0.44049,-0.246374,-2.63162
205.65,-0.411552,-0.242691,-2.60878
205.7,-0.386704,-0.243976,-2.57875
205.75,-0.396534,-0.252954,-2.57376
205.8,0.00522945,0.0053181,0.793802
205.85,0.00502747,0.00530753,0.81249
205.9,0.00484084,0.00529879,0.830532
205.95,0.00467055,0.00529097,0.8476
206,0.00455669,0.00528779,0.859527
206.05,0.00448952,0.00529034,0.8671
206.1,0.00442025,0.00529437,0.875137
206.15,-0.406252,-0.247478,-2.59446
206.2,-0.441981,-0.27153,-2.59069
206.25,-0.418521,-0.264038,-2.57877
206.3,-0.444817,-0.294131,-2.55736
206.35,-0.417817,-0.286586,-2.54038
206.4,-0.426225,-0.305221,-2.52014
206.45,-0.396526,-0.295044,-2.5019
206.5,-0.406499,-0.31199,-2.48698
206.55,0.00335632,0.00498225,0.97797
206.6,0.00316032,0.00498729,1.00598
206.65,0.00299167,0.004993,1.03099
206.7,0.00285396,0.00499976,1.05211
206.75,0.00276732,0.00500512,1.06573
206.8,0.00272894,0.00500842,1.0719
206.85,0.00272194,0.00500969,1.07308
206.9,-0.4354,-0.315561,-2.51444
206.95,-0.434707,-0.31888,-2.5087
207,-0.432486,-0.315859,-2.5108
207.05,-0.42858,-0.3393,-2.47194
207.1,-0.408841,-0.330257,-2.46212
207.15,-0.409795,-0.353159,-2.43029
207.2,-0.402341,-0.356592,-2.4164
207.25,-0.376777,-0.341346,-2.40549
207.3,0.00203384,0.00507067,1.18934
207.35,0.00188517,0.00508353,1.21568
207.4,0.00174759,0.00509673,1.24047
207.45,0.00162158,0.00510996,1.26351
207.5,0.00152437,0.00512101,1.28148
207.55,0.00147205,0.00512746,1.29122
207.6,0.00145956,0.00512953,1.29358
207.65,-0.410628,-0.352741,-2.43188
207.7,-0.40305,-0.347768,-2.42969
207.75,-0.409589,-0.360859,-2.41936
207.8,-0.430757,-0.398098,-2.39558
207.85,-0.406044,-0.385522,-2.38212
207.9,-0.406287,-0.397619,-2.36698
207.95,-0.38302,-0.381935,-2.35761
208,-0.385739,-0.399272,-2.33896
208.05,-0.357378,-0.383931,-2.32039
208.1,0.00138798,0.00520831,1.31036
208.15,0.00131786,0.00522592,1.32377
208.2,0.00122011,0.00524197,1.34211
208.25,0.00109828,0.00525718,1.36485
208.3,0.000995463,0.00526997,1.3841
208.35,0.000943585,0.00527692,1.39385
208.4,0.000934042,0.00527911,1.39568
208.45,-0.380557,-0.381575,-2.35486
208.5,-0.392694,-0.403454,-2.34268
208.55,-0.407266,-0.427972,-2.33141
208.6,-0.392267,-0.425857,-2.31516
208.65,-0.376616,-0.425622,-2.29518
208.7,-0.358193,-0.436222,-2.25829
208.75,-0.361069,-0.457254,-2.23919
208.8,-0.342704,-0.445889,-2.22609
208.85,0.00090599,0.00535095,1.40307
208.9,0.000776476,0.00536537,1.42707
208.95,0.000658388,0.00538031,1.44903
209,0.000538982,0.00539642,1.47125
209.05,0.000420175,0.00541307,1.49333
209.1,0.000348009,0.00542641,1.50675
209.15,0.000332812,0.00543505,1.50964
209.2,0.000367014,0.00543884,1.50342
209.25,-0.349064,-0.435187,-2.24682
209.3,-0.372581,-0.470424,-2.24065
209.35,-0.3687,-0.478839,-2.22697
209.4,-0.357221,-0.482756,-2.20784
209.45,-0.344592,-0.489649,-2.18404
209.5,-0.339742,-0.505491,-2.16255
209.55,-0.322433,-0.512422,-2.13243
209.6,-0.313233,-0.516045,-2.11634
209.65,8.52919e-05,0.00550166,1.55529
209.7,6.98683e-06,0.0055175,1.56953
209.75,-4.22369e-05,0.00553321,1.57843
209.8,-8.86306e-05,0.00554918,1.58677
209.85,-0.000145605,0.0055659,1.59695
209.9,-0.000188931,0.00558066,1.60464
209.95,-0.000209562,0.00559065,1.60826
210,-0.000210937,0.00559543,1.60848
210.05,-0.315519,-0.496809,-2.13662
210.1,-0.328517,-0.534883,-2.12158
210.15,-0.324522,-0.537975,-2.11359
210.2,-0.31795,-0.563745,-2.08432
210.25,-0.302376,-0.565979,-2.06147
210.3,-0.299373,-0.594836,-2.03707
210.35,-0.278151,-0.584955,-2.01466
210.4,-0.266127,-0.586086,-1.99703
210.45,-0.243592,-0.525638,-2.00476
210.5,-0.000556375,0.00566224,1.66874
210.55,-0.000604474,0.00567584,1.6769
210.6,-0.000654986,0.00568893,1.68542
210.65,-0.000713498,0.00570165,1.69529
210.7,-0.000782892,0.00571415,1.70696
210.75,-0.000859863,0.00572683,1.71983
210.8,-0.000919624,0.00573705,1.72974
210.85,-0.000936207,0.00574046,1.73246
210.9,-0.000936432,0.00574111,1.73248
210.95,-0.266325,-0.571616,-2.00681
211,-0.266033,-0.599041,-1.98873
211.05,-0.266745,-0.615517,-1.97973
211.1,-0.261476,-0.630648,-1.96384
211.15,-0.246056,-0.643815,-1.93585
211.2,-0.23907,-0.642969,-1.92678
211.25,-0.218535,-0.646619,-1.89671
211.3,-0.202343,-0.658052,-1.86911
211.35,-0.186959,-0.614161,-1.8663
211.4,-0.00114639,0.00579218,1.76619
211.45,-0.0011973,0.00580278,1.77427
211.5,-0.00124184,0.00581359,1.78124
211.55,-0.00128463,0.00582502,1.78786
211.6,-0.00132856,0.00583705,1.79459
211.65,-0.00137421,0.00584941,1.80154
211.7,-0.00142327,0.00586062,1.80904
211.75,-0.00146239,0.00586857,1.81501
211.8,-0.00148567,0.00587339,1.81855
211.85,-0.185806,-0.614577,-1.86439
211.9,-0.180757,-0.646039,-1.84361
211.95,-0.181077,-0.673322,-1.83351
212,-0.175509,-0.698514,-1.81696
212.05,-0.164976,-0.692429,-1.80469
212.1,-0.145877,-0.679304,-1.78233
212.15,-0.129837,-0.704457,-1.75306
212.2,-0.11218,-0.696525,-1.73048
212.25,-0.0951471,-0.690478,-1.70773
212.3,-0.100534,-0.66627,-1.72056
212.35,-0.00170025,0.00591629,1.85064
212.4,-0.00174566,0.00592405,1.85736
212.45,-0.00179198,0.00593196,1.86417
212.5,-0.00184058,0.00594031,1.87126
212.55,-0.00189152,0.0059492,1.87863
212.6,-0.246694,0.0491994,2.94474
212.65,-0.241436,0.0465529,2.95111
212.7,-0.245413,0.0462765,2.95522
212.75,-0.236952,0.0484004,2.9401
212.8,-0.235604,0.0372382,2.98484
212.85,-0.245487,0.0355694,2.9977
212.9,-0.244525,0.0353472,2.99803
212.95,-0.244142,0.0310674,3.01502
213,-0.245873,0.0303895,3.01862
213.05,-0.252324,0.0272453,3.03403
213.1,-0.262045,0.0259894,3.04274
213.15,-0.262314,0.0261645,3.04218
213.2,-0.262479,0.0239907,3.05045
213.25,-0.265464,0.0181736,3.07324
213.3,-0.273652,0.0178795,3.07635
213.35,-0.277748,0.0166627,3.08167
213.4,-0.27515,0.0145453,3.08878
213.45,-0.273307,0.00833448,3.11111
213.5,-0.275051,0.00720186,3.11541
213.55,-0.275574,0.00609679,3.11947
213.6,-0.269935,0.00105283,3.13769
213.65,-0.276841,-0.00151638,-3.13612
213.7,-0.266241,-0.0050578,-3.1226
213.75,-0.264958,-0.00719986,-3.11443
213.8,-0.260365,-0.0076646,-3.11216
213.85,-0.256036,-0.0110877,-3.09831
213.9,-0.252591,-0.0176448,-3.07185
213.95,-0.243452,-0.0195944,-3.06128
214,-0.236233,-0.0127238,-3.08778
214.05,-0.237079,-0.0164678,-3.07224
214.1,-0.23864,-0.00371257,-3.12604
214.15,-0.00249472,0.0062163,1.95244
214.2,-0.00248857,0.00622593,1.95105
214.25,-0.00248257,0.00623349,1.9498
214.3,-0.00247745,0.00623778,1.94886
214.35,-0.00247509,0.00623971,1.94843
214.4,-0.00247343,0.00624028,1.94816
214.45,-0.00247238,0.00624012,1.94803
214.5,-0.00247123,0.00623992,1.94788
214.55,-0.00246995,0.00623966,1.94772
214.6,-0.00246848,0.00623937,1.94753
214.65,-0.00246133,0.0062387,1.94658
214.7,-0.00244844,0.00623766,1.94484
214.75,-0.00243041,0.00623632,1.94241
214.8,-0.00240863,0.00623482,1.93945
214.85,-0.0023865,0.00623335,1.93644
214.9,-0.00236279,0.00623183,1.9332
214.95,-0.00234134,0.00623049,1.93026
215,-0.00232067,0.0062292,1.92742
215.05,-0.00230255,0.00622801,1.92492
215.1,-0.00228752,0.00622693,1.92285
215.15,-0.00227615,0.00622598,1.92129
215.2,-0.00226893,0.00622518,1.92031
215.25,-0.00226508,0.00622448,1.9198
215.3,-0.00226137,0.00622378,1.91931
215.35,-0.00225763,0.00622304,1.91882
215.4,-0.00225387,0.00622227,1.91832
215.45,-0.0896766,-0.375732,-1.80508
215.5,-0.0911168,-0.377255,-1.80778
215.55,-0.0990756,-0.394671,-1.81675
215.6,-0.098517,-0.379534,-1.82476
215.65,-0.115112,-0.409814,-1.84463
215.7,-0.126649,-0.412518,-1.86868
215.75,-0.13634,-0.412435,-1.89006
215.8,-0.143741,-0.413359,-1.90545
215.85,-0.147334,-0.406042,-1.91888
215.9,-0.150868,-0.410529,-1.92297
215.95,-0.156845,-0.409454,-1.93661
216,-0.158474,-0.398842,-1.949
216.05,-0.163446,-0.397369,-1.96102
216.1,-0.175303,-0.413125,-1.9721
216.15,-0.174539,-0.39885,-1.98329
216.2,-0.179862,-0.39933,-1.99399
216.25,-0.187537,-0.405602,-2.00389
216.3,-0.188109,-0.396182,-2.01408
216.35,-0.186454,-0.392719,-2.01406
216.4,0.00149709,0.00607536,1.32919
216.45,0.00191298,0.00607522,1.26574
216.5,0.00230983,0.00607621,1.20752
216.55,0.00259405,0.00607823,1.16742
216.6,-0.179848,-0.389455,-2.00342
216.65,-0.197969,-0.425359,-2.0064
216.7,-0.195545,-0.414958,-2.01117
216.75,-0.210531,-0.428297,-2.02766
216.8,-0.224664,-0.422068,-2.05994
216.85,-0.245095,-0.432019,-2.08684
216.9,-0.251291,-0.426855,-2.10287
216.95,-0.24514,-0.407434,-2.11244
217,-0.263506,-0.42786,-2.1228
217.05,-0.246349,-0.392739,-2.13102
217.1,-0.253846,-0.403865,-2.13194
217.15,0.0143579,0.00686809,0.446176
217.2,0.0160471,0.0070335,0.413084
217.25,0.017548,0.00719051,0.388893
217.3,0.0186499,0.00731252,0.373673
217.35,0.0194979,0.00741281,0.363309
217.4,-0.24716,-0.412961,-2.11012
217.45,-0.252945,-0.437082,-2.09542
217.5,-0.263775,-0.438577,-2.11227
217.55,-0.281697,-0.458023,-2.12219
217.6,-0.295678,-0.442685,-2.15967
217.65,-0.318606,-0.451799,-2.185
217.7,-0.308147,-0.425115,-2.19801
217.75,-0.318827,-0.425257,-2.21412
217.8,-0.161713,-0.287398,-2.08332
217.85,-0.0712407,-0.205883,-1.90392
217.9,-0.151095,-0.263795,-2.09095
217.95,0.304246,0.0932739,0.297477
218,0.319508,0.101213,0.306777
218.05,0.308802,0.0594291,0.190126
218.1,0.30126,0.0382317,0.126231
218.15,0.305462,0.0534262,0.173152
218.2,0.211188,0.00708645,0.0335426
218.25,0.102897,-0.101069,-0.776435
218.3,0.0529875,-0.165224,-1.26046
218.35,0.0934558,-0.160146,-1.04255
218.4,-0.0657411,-0.312147,-1.77837
218.45,-0.0704164,-0.306792,-1.79641
218.5,-0.015787,-0.273271,-1.6285
218.55,-0.000531859,-0.264245,-1.57281
218.6,-0.0825988,-0.287892,-1.8502
218.65,-0.00383876,-0.266897,-1.58518
218.7,0.022858,-0.251918,-1.48031
218.75,-0.040617,-0.264753,-1.72302
218.8,0.403786,-0.166387,-0.390865
218.85,0.432882,-0.183508,-0.400956
218.9,0.450091,-0.190492,-0.40037
218.95,0.463297,-0.186311,-0.382351
219,0.482732,-0.183699,-0.36362
219.05,0.499949,-0.181065,-0.347472
219.1,0.501139,-0.170737,-0.328364
219.15,0.308088,-0.195662,-0.565819
219.2,-0.0111486,-0.273541,-1.61153
219.25,0.0689184,-0.241185,-1.29246
219.3,-0.032056,-0.272935,-1.68771
219.35,-0.112257,-0.271701,-1.9626
219.4,0.0341967,-0.251996,-1.43592
219.45,0.0455008,-0.253066,-1.3929
219.5,0.0322092,-0.255573,-1.44543
219.55,-0.0472183,-0.25944,-1.75083
219.6,0.160822,-0.23986,-0.980157
219.65,0.564289,-0.236163,-0.396364
219.7,0.599751,-0.255667,-0.402961
219.75,0.613001,-0.242918,-0.377293
219.8,0.634553,-0.251703,-0.377626
219.85,0.629559,-0.23237,-0.353588
219.9,0.627242,-0.222127,-0.340353
219.95,0.650251,-0.210309,-0.312809
220,0.371044,-0.224983,-0.545076
220.05,0.0867925,-0.243874,-1.22888
220.1,0.0721705,-0.240493,-1.27925
220.15,0.0490752,-0.239004,-1.36828
220.2,0.0336358,-0.246941,-1.43542
220.25,0.0188363,-0.238561,-1.492
220.3,0.022765,-0.241006,-1.47662
220.35,0.0219641,-0.235264,-1.47771
220.4,0.0419417,-0.237585,-1.39606
220.45,0.702452,-0.278289,-0.377199
220.5,0.737355,-0.303833,-0.390858
220.55,0.753535,-0.301695,-0.380828
220.6,0.774883,-0.300166,-0.36957
220.65,0.779816,-0.277136,-0.341466
220.7,0.813571,-0.26854,-0.318816
220.75,0.798731,-0.241469,-0.29358
220.8,0.812225,-0.23173,-0.277919
220.85,0.80784,-0.206447,-0.2502
220.9,0.44675,-0.205972,-0.432002
220.95,0.0597995,-0.200419,-1.28083
221,0.0287105,-0.190491,-1.4212
221.05,0.0286763,-0.179239,-1.41215
221.1,0.0027532,-0.18988,-1.5563
221.15,-0.0232212,-0.187844,-1.69379
221.2,-0.0310996,-0.192524,-1.73095
221.25,-0.0388959,-0.180438,-1.78311
221.3,-0.143648,-0.184899,-2.23129
221.35,-0.0569141,-0.180272,-1.8766
221.4,-0.158426,-0.180069,-2.29234
221.45,-0.0407317,-0.166204,-1.81113
221.5,-0.0350624,-0.161059,-1.78515
221.55,-0.118213,-0.149845,-2.23873
221.6,-0.00528663,-0.150928,-1.60581
221.65,0.00962783,-0.137216,-1.50075
221.7,0.836342,-0.17931,-0.211201
221.75,0.849377,-0.187279,-0.217018
221.8,0.878392,-0.181323,-0.203566
221.85,0.883349,-0.167892,-0.187822
221.9,0.91459,-0.148769,-0.16125
221.95,0.907236,-0.12349,-0.135286
222,0.923875,-0.0911571,-0.0983499
222.05,0.922352,-0.07068,-0.0764807
222.1,0.893847,-0.0472081,-0.0527654
222.15,0.893043,-0.029168,-0.0326498
222.2,0.881496,-0.0135975,-0.0154243
222.25,0.193759,-0.0336013,-0.17171
222.3,-0.106608,-0.0330887,-2.84064
222.35,-0.193099,-0.0301097,-2.98691
222.4,-0.864578,-0.0477138,-3.08646
222.45,-0.714717,-0.0674173,-3.04754
222.5,-0.650523,-0.0616902,-3.04704
222.55,-0.644875,-0.0514785,-3.06193
222.6,-0.536799,-0.0789236,-2.99561
222.65,-0.542009,-0.0498888,-3.04981
222.7,-0.610795,-0.0343008,-3.08549
222.75,-0.398752,-0.065371,-2.9791
222.8,-0.442365,-0.0440906,-3.04225
222.85,-0.185947,-0.147324,-2.47157
222.9,0.0281687,-0.199946,-1.43084
222.95,-0.010339,-0.212602,-1.61939
223,-0.00993369,-0.224518,-1.61501
223.05,0.0273703,-0.227328,-1.45097
223.1,0.00122249,-0.215349,-1.56512
223.15,0.010213,-0.230635,-1.52654
223.2,0.013935,-0.230246,-1.51035
223.25,0.0760421,-0.198522,-1.20499
223.3,0.119186,-0.177702,-0.980004
223.35,0.0984069,-0.200921,-1.11536
223.4,0.0820143,-0.203386,-1.1875
223.45,0.0655498,-0.207105,-1.26427
223.5,0.0816748,-0.215151,-1.20798
223.55,0.097522,-0.205751,-1.12818
223.6,0.104869,-0.210742,-1.10905
223.65,0.0932605,-0.2135,-1.15896
223.7,0.0724715,-0.217016,-1.24849
223.75,0.0666906,-0.23427,-1.29346
223.8,0.0830095,-0.227453,-1.22086
223.85,0.0771362,-0.233989,-1.25236
223.9,0.0696991,-0.232349,-1.27936
223.95,0.0701664,-0.237208,-1.2832
224,0.0763448,-0.240304,-1.26318
224.05,0.0515105,-0.252882,-1.36985
224.1,0.0795112,-0.243818,-1.25556
224.15,0.0678924,-0.264981,-1.31998
224.2,0.0882007,-0.25182,-1.2339
224.25,0.0759877,-0.246199,-1.27143
224.3,0.0839345,-0.247803,-1.24421
224.35,0.091155,-0.254688,-1.22709
224.4,0.0939678,-0.250225,-1.21156
224.45,0.0958421,-0.250572,-1.20547
224.5,0.0955848,-0.246829,-1.20133
224.55,0.118417,-0.22639,-1.08887
224.6,0.125942,-0.22483,-1.06018
224.65,0.136021,-0.218328,-1.01363
224.7,0.15511,-0.210873,-0.9366
224.75,0.180045,-0.203596,-0.846708
224.8,0.218017,-0.184593,-0.702569
224.85,0.277961,-0.163334,-0.531262
224.9,0.389081,-0.164825,-0.400707
224.95,0.601462,-0.0892123,-0.147252
225,0.863296,-0.0282181,-0.0326749
225.05,0.856175,-0.0463501,-0.0540835
225.1,0.859791,-0.0694138,-0.0805586
225.15,0.847903,-0.0881521,-0.103593
225.2,0.837581,-0.107371,-0.127497
225.25,1.01624,-0.0151179,-0.0148752
225.3,1.14429,0.0141689,0.0123816
225.35,1.1529,-0.0277463,-0.0240618
225.4,1.15291,-0.068492,-0.0593384
225.45,1.13899,-0.119648,-0.104663
225.5,1.14503,-0.162097,-0.140631
225.55,1.1459,-0.205008,-0.177032
225.6,1.13836,-0.247771,-0.214314
225.65,1.14345,-0.27246,-0.233917
225.7,1.13828,-0.317018,-0.271622
225.75,1.13812,-0.342398,-0.292232
225.8,1.13121,-0.366893,-0.313632
225.85,1.13375,-0.372681,-0.317588
225.9,0.00765207,0.0153417,1.10813
225.95,0.00816546,0.0160521,1.10022
226,0.0086287,0.016683,1.09347
226.05,0.00895821,0.017125,1.08883
226.1,0.00916685,0.0174012,1.08595
226.15,-0.373308,-0.0159009,-3.09902
226.2,-0.369575,-0.0185409,-3.09147
226.25,-0.391258,-0.0213892,-3.08698
226.3,-0.429267,-0.0332104,-3.06438
226.35,-0.427139,-0.0418004,-3.04404
226.4,-0.4379,-0.055502,-3.01552
226.45,-0.442218,-0.0644981,-2.99676
226.5,-0.434398,-0.0699397,-2.98196
226.55,-0.447467,-0.0834211,-2.95728
226.6,-0.436169,-0.0846794,-2.94983
226.65,-0.429518,-0.0869709,-2.94181
226.7,-0.436713,-0.0967952,-2.92347
226.75,-0.430188,-0.098639,-2.9162
226.8,-0.440118,-0.10506,-2.90727
226.85,-0.421745,-0.106744,-2.8937
226.9,-0.4004,-0.107331,-2.87969
226.95,-0.422942,-0.117787,-2.86998
227,-0.415148,-0.122541,-2.85457
227.05,-0.413794,-0.125657,-2.84677
227.1,-0.398164,-0.123182,-2.84156
227.15,-0.385547,-0.117766,-2.84514
227.2,0.013027,0.0204007,1.00251
227.25,0.0126417,0.0198163,1.00294
227.3,0.0122531,0.0192361,1.00362
227.35,0.0117171,0.0185225,1.00676
227.4,0.0110353,0.0176796,1.01279
227.45,-0.437639,-0.13698,-2.83825
227.5,-0.452827,-0.139073,-2.84361
227.55,-0.464414,-0.154036,-2.82133
227.6,-0.465621,-0.173538,-2.78484
227.65,-0.477693,-0.1925,-2.75852
227.7,-0.45034,-0.193801,-2.7352
227.75,-0.453564,-0.209382,-2.7091
227.8,-0.459634,-0.213445,-2.70684
227.85,-0.45246,-0.221007,-2.68722
227.9,-0.417533,-0.20953,-2.67648
227.95,-0.43797,-0.226129,-2.66498
228,-0.438506,-0.227346,-2.66329
228.05,0.00565758,0.0108618,1.09059
228.1,0.00571524,0.0108681,1.08666
228.15,0.00581952,0.01092,1.08116
228.2,0.00592802,0.0109805,1.07577
228.25,0.00601568,0.0110271,1.07139
228.3,-0.423177,-0.217795,-2.66628
228.35,-0.447797,-0.229042,-2.6688
228.4,-0.47625,-0.245466,-2.66569
228.45,-0.483185,-0.258824,-2.64982
228.5,-0.492559,-0.28384,-2.61881
228.55,-0.47184,-0.289626,-2.59107
228.6,-0.457378,-0.290189,-2.57622
228.65,-0.45163,-0.302999,-2.55066
228.7,-0.455238,-0.317664,-2.53235
228.75,-0.438437,-0.309314,-2.52719
228.8,-0.426254,-0.304801,-2.52083
228.85,-0.449543,-0.320013,-2.52295
228.9,0.00662647,0.0111057,1.03283
228.95,0.00681597,0.0111404,1.02173
229,0.00704636,0.0111938,1.00898
229.05,0.00729482,0.0112563,0.99578
229.1,0.00751349,0.011303,0.984134
229.15,0.00762852,0.0113438,0.978777
229.2,-0.450202,-0.3203,-2.52322
229.25,-0.477696,-0.340712,-2.52204
229.3,-0.466803,-0.340842,-2.51091
229.35,-0.474325,-0.359064,-2.49363
229.4,-0.485862,-0.378479,-2.4798
229.45,-0.483728,-0.39206,-2.46048
229.5,-0.463725,-0.395488,-2.43545
229.55,-0.45986,-0.412842,-2.41002
229.6,-0.439807,-0.404144,-2.39843
229.65,-0.442447,-0.414862,-2.38836
229.7,-0.422006,-0.40409,-2.37788
229.75,-0.412237,-0.397766,-2.37406
229.8,0.00682709,0.010428,0.991131
229.85,0.00676106,0.0103389,0.991655
229.9,0.00670565,0.0102605,0.991936
229.95,0.00665416,0.010191,0.992355
230,0.00660316,0.0101314,0.99319
230.05,0.00656816,0.0100947,0.993961
230.1,-0.45152,-0.433671,-2.37636
230.15,-0.447977,-0.433622,-2.37248
230.2,-0.459036,-0.447971,-2.36839
230.25,-0.445325,-0.459121,-2.34094
230.3,-0.435418,-0.467028,-2.32118
230.35,-0.428415,-0.469109,-2.31089
230.4,-0.414341,-0.486511,-2.27625
230.45,-0.406573,-0.492007,-2.2614
230.5,-0.399319,-0.500416,-2.2443
230.55,-0.383876,-0.479567,-2.24582
230.6,0.00543174,0.00922138,1.03848
230.65,0.00528942,0.00911288,1.04489
230.7,0.00516317,0.00901719,1.05077
230.75,0.00505186,0.00893409,1.05616
230.8,0.00494393,0.00885526,1.0616
230.85,0.00485424,0.0087929,1.06637
230.9,0.00481402,0.00876538,1.06856
230.95,-0.396842,-0.487227,-2.25431
231,-0.404139,-0.498147,-2.25238
231.05,-0.418682,-0.536463,-2.2335
231.1,-0.401418,-0.544087,-2.20643
231.15,-0.407746,-0.578619,-2.18466
231.2,-0.38112,-0.560277,-2.16813
231.25,-0.358757,-0.572959,-2.13022
231.3,-0.336107,-0.546351,-2.12231
231.35,-0.341593,-0.540395,-2.1345
231.4,0.00361518,0.00806099,1.14921
231.45,0.00343765,0.00796115,1.16318
231.5,0.0032759,0.00787168,1.17643
231.55,0.00313767,0.00779673,1.18819
231.6,0.00305062,0.00775055,1.19582
231.65,0.00303363,0.00774151,1.19732
231.7,-0.364795,-0.554231,-2.15291
231.75,-0.361182,-0.561036,-2.14278
231.8,-0.383682,-0.621372,-2.12397
231.85,-0.363947,-0.625027,-2.09809
231.9,-0.343276,-0.612727,-2.08147
231.95,-0.337786,-0.631461,-2.06199
232,-0.311814,-0.619707,-2.03697
232.05,-0.309923,-0.64345,-2.01966
232.1,0.00205804,0.00727744,1.2952
232.15,0.00186708,0.00719089,1.31676
232.2,0.00168882,0.007112,1.33765
232.25,0.00152887,0.00704296,1.35703
232.3,0.00139287,0.00698578,1.37399
232.35,0.00132822,0.00695914,1.38221
232.4,-0.317653,-0.611978,-2.04958
232.45,-0.325249,-0.655418,-2.03144
232.5,-0.332521,-0.673278,-2.02954
232.55,-0.3098,-0.665487,-2.00648
232.6,-0.296418,-0.671936,-1.98626
232.65,-0.285098,-0.693672,-1.96075
232.7,-0.265927,-0.695308,-1.93609
232.75,-0.243281,-0.66801,-1.92005
232.8,0.000614154,0.00668339,1.47916
232.85,0.000464682,0.00662947,1.50082
232.9,0.000320905,0.00657912,1.52206
232.95,0.000197309,0.00653709,1.54062
233,0.000104125,0.00650617,1.55479
233.05,8.02358e-05,0.00649852,1.55845
233.1,-0.269451,-0.682471,-1.94683
233.15,-0.270323,-0.709735,-1.93471
233.2,-0.266786,-0.705614,-1.93227
233.25,-0.248695,-0.713752,-1.90607
233.3,-0.248793,-0.747911,-1.89193
233.35,-0.232501,-0.743268,-1.87396
233.4,-0.214839,-0.767503,-1.84373
233.45,-0.184155,-0.744632,-1.81324
233.5,-0.191806,-0.756092,-1.81924
233.55,-0.000525453,0.00631421,1.65382
233.6,-0.000638883,0.00628296,1.67213
233.65,-0.000747126,0.00625463,1.68968
233.7,-0.000853177,0.00622827,1.70693
233.75,-0.000954785,0.00620428,1.72349
233.8,-0.00104413,0.00618406,1.73806
233.85,-0.00110605,0.00617059,1.74816
233.9,-0.00114047,0.00616343,1.75377
233.95,-0.00114777,0.00616235,1.75494
234,-0.17819,-0.76064,-1.80091
234.05,-0.182877,-0.768424,-1.80444
234.1,-0.180975,-0.781341,-1.7984
234.15,-0.169959,-0.811635,-1.77722
234.2,-0.155793,-0.818079,-1.75898
234.25,-0.143189,-0.84565,-1.73853
234.3,-0.122554,-0.81465,-1.72011
234.35,-0.100636,-0.811359,-1.6942
234.4,-0.0772388,-0.787852,-1.66852
234.45,-0.0731125,-0.77019,-1.66544
234.5,-0.00159832,0.00607051,1.82825
234.55,-0.0016761,0.00605739,1.84075
234.6,-0.237647,0.0423845,2.9651
234.65,-0.238041,0.0557747,2.91144
234.7,-0.238304,0.0500869,2.93443
234.75,-0.24774,0.0496988,2.94361
234.8,-0.242047,0.0518581,2.93054
234.85,-0.2439,0.0536574,2.92505
234.9,-0.246208,0.0498295,2.9419
234.95,-0.239433,0.0591489,2.8994
235,-0.243767,0.0660429,2.87702
235.05,-0.207818,-0.103201,-2.68067
235.1,-0.207656,-0.120451,-2.61597
235.15,-0.210617,-0.110408,-2.65876
235.2,-0.209479,-0.117407,-2.63075
235.25,-0.204334,-0.134345,-2.55998
235.3,-0.225446,-0.0764514,-2.81465
235.35,-0.225963,-0.0698624,-2.84174
235.4,-0.236662,-0.0632602,-2.8804
235.45,-0.27515,0.0179339,3.07651
235.5,-0.297328,0.051976,2.96853
235.55,-0.306835,0.0579701,2.95486
235.6,-0.316102,0.0570657,2.96299
235.65,-0.326566,0.0678826,2.93664
235.7,-0.334242,0.0745316,2.92219
235.75,-0.346255,0.0754289,2.9271
235.8,-0.351102,0.0803548,2.9166
235.85,-0.357848,0.0872156,2.90253
235.9,-0.365386,0.100239,2.87384
235.95,-0.373082,0.105691,2.86554
236,-0.371024,0.113876,2.84379
236.05,-0.37526,0.122637,2.82573
236.1,-0.33521,0.0465942,3.00348
236.15,-0.335293,0.0503087,2.99266
236.2,-0.320884,0.0252526,3.06306
236.25,-0.332337,0.0491133,2.99487
236.3,-0.318144,0.051055,2.98247
236.35,-0.309733,0.0213751,3.07269
236.4,-0.290554,0.0225893,3.064
236.45,-0.284127,0.017291,3.08081
236.5,-0.274312,0.00655239,3.11771
236.55,-0.266031,8.44814e-05,3.14128
236.6,-0.254537,-0.00163949,-3.13515
236.65,-0.243463,-0.0112863,-3.09527
236.7,-0.222053,-0.0806117,-2.79336
236.75,-0.217348,-0.0996908,-2.71155
236.8,-0.175478,-0.211088,-2.26434
236.85,-0.122334,-0.387645,-1.87649
236.9,-0.0209553,-0.751774,-1.59866
236.95,0.0467432,-1.17383,-1.531
237,0.0199323,-1.17832,-1.55388
237.05,0.0255888,-1.18122,-1.54914
237.1,0.0379998,-1.18267,-1.53868
237.15,0.0611328,-1.18098,-1.51908
237.2,0.0606999,-1.18222,-1.5195
237.25,0.0837676,-1.18089,-1.49998
237.3,0.118871,-1.18142,-1.47052
237.35,0.152958,-1.17694,-1.44156
237.4,0.177786,-1.17173,-1.42022
237.45,0.211011,-1.16613,-1.39178
237.5,0.232377,-1.15469,-1.3722
237.55,0.265455,-1.14864,-1.34368
237.6,0.222999,-0.965941,-1.34391
237.65,0.105826,-0.650359,-1.40949
237.7,0.118881,-0.634468,-1.38557
237.75,0.0257881,-0.424206,-1.51008
237.8,-0.00113035,-0.349058,-1.57403
237.85,-0.0522946,-0.251538,-1.77578
237.9,-0.0634276,-0.208195,-1.86652
237.95,-0.0894831,-0.158532,-2.08466
238,-0.106142,-0.117459,-2.30563
238.05,-0.13109,-0.0720145,-2.63925
238.1,-0.136996,-0.0477721,-2.80607
238.15,-0.146552,-0.0316774,-2.92872
238.2,-0.142081,-0.023129,-2.98022
238.25,-0.144725,-0.00945875,-3.07633
238.3,-0.113925,-0.0435204,-2.77669
238.35,-0.117085,-0.0431852,-2.78824
238.4,-0.0591988,-0.119894,-2.02944
238.45,-0.00188781,-0.190914,-1.58068
238.5,0.0568782,-0.265397,-1.35968
238.55,0.156366,-0.369034,-1.17001
238.6,0.187322,-0.396478,-1.12942
238.65,0.20729,-0.380724,-1.07221
238.7,0.138474,-0.28423,-1.11745
238.75,0.0971354,-0.22056,-1.15595
238.8,0.0720644,-0.177099,-1.18434
238.85,0.0326351,-0.127826,-1.32083
238.9,0.00978918,-0.0944766,-1.46755
238.95,-0.0161955,-0.0623534,-1.82492
239,-0.115059,0.0159534,3.00382
239.05,-0.240951,0.111914,2.70677
239.1,-0.318022,0.184215,2.61657
239.15,-0.30935,0.189786,2.5913
239.2,-0.308813,0.203204,2.5596
239.25,-0.312738,0.207282,2.55627
239.3,-0.292664,0.184891,2.57815
239.35,-0.228765,0.124484,2.64325
239.4,-0.168974,0.0745438,2.72612
239.45,-0.0745087,-0.0030826,-3.10024
239.5,0.0971272,-0.119619,-0.888797
239.55,0.339588,-0.259202,-0.651949
239.6,0.521998,-0.375021,-0.62299
239.65,0.593476,-0.415103,-0.610353
239.7,0.626958,-0.403401,-0.57174
239.75,0.680263,-0.375735,-0.504636
239.8,0.330472,-0.204549,-0.554244
239.85,0.0385057,-0.0963003,-1.19042
239.9,-0.120196,-0.0325235,-2.87733
239.95,-0.173082,0.0325128,2.95591
240,-0.195322,0.0559368,2.86268
240.05,-0.178279,0.0422435,2.90893
240.1,-0.193169,0.0670921,2.8073
240.15,-0.159742,0.0305707,2.9525
240.2,-0.0531278,-0.120252,-1.98681
240.25,0.125467,-0.402837,-1.26886
240.3,0.126714,-0.397483,-1.26219
240.35,0.150173,-0.432623,-1.23669
240.4,0.156725,-0.403824,-1.20059
240.45,0.16889,-0.412205,-1.18194
240.5,0.177047,-0.408177,-1.16154
240.55,0.0544517,-0.236002,-1.34404
240.6,-0.0714302,-0.0729318,-2.34579
240.65,-0.106281,-0.0241354,-2.91829
240.7,-0.176476,0.0622941,2.80226
240.75,-0.150769,0.0421643,2.8689
240.8,-0.128001,0.0224106,2.96827
240.85,-0.131657,0.0250785,2.95336
240.9,-0.0468068,-0.088135,-2.059
240.95,0.0716616,-0.259491,-1.30135
241,0.223985,-0.482043,-1.13582
241.05,0.236221,-0.474716,-1.10907
241.1,0.250063,-0.454093,-1.06743
241.15,0.265998,-0.464356,-1.05059
241.2,0.152964,-0.305995,-1.10724
241.25,0.0306471,-0.150754,-1.37024
241.3,-0.0637042,-0.0326828,-2.66757
241.35,-0.100483,0.0131665,3.0113
241.4,-0.12415,0.0470733,2.77918
241.45,-0.136057,0.0707977,2.6618
241.5,-0.122625,0.0593671,2.69072
241.55,-0.104827,0.0387795,2.78727
241.6,-0.0670873,-0.00754538,-3.02959
241.65,0.0386829,-0.145738,-1.31135
241.7,0.283905,-0.476505,-1.03347
241.75,0.304155,-0.503137,-1.02706
241.8,0.329624,-0.503245,-0.990916
241.85,0.33153,-0.485609,-0.971769
241.9,0.362431,-0.50168,-0.945171
241.95,0.363856,-0.474515,-0.916633
242,0.192133,-0.340755,-1.05739
242.05,0.195297,-0.338964,-1.04809
242.1,0.0411276,-0.135551,-1.27621
242.15,0.0168107,-0.0896133,-1.38536
242.2,-0.043727,-0.0142306,-2.82696
242.25,-0.0777307,0.029832,2.77514
242.3,-0.173493,0.145087,2.44512
242.35,-0.204055,0.189288,2.39372
242.4,-0.176317,0.174997,2.35995
242.45,-0.0992744,0.0658438,2.55596
242.5,-0.0561083,-0.0145,-2.8887
242.55,0.00627522,-0.114504,-1.51605
242.6,0.118912,-0.286859,-1.17783
242.65,0.125438,-0.300165,-1.17496
242.7,0.129535,-0.298329,-1.16116
242.75,0.137505,-0.29592,-1.13581
242.8,0.140992,-0.284021,-1.11002
242.85,0.151462,-0.285628,-1.08322
242.9,0.154903,-0.282567,-1.06934
242.95,0.133229,-0.249124,-1.07971
243,0.02868,-0.162849,-1.39647
243.05,-0.0269707,-0.0703238,-1.93702
243.1,-0.0447946,-0.0311165,-2.53447
243.15,-0.100486,0.0504336,2.67643
243.2,-0.107174,0.0706591,2.55871
243.25,-0.118003,0.0937769,2.47009
243.3,-0.0893006,0.0513373,2.61985
243.35,-0.0846496,0.0367578,2.73193
243.4,-0.0273995,-0.0586141,-2.00807
243.45,0.00341345,-0.118954,-1.54211
243.5,0.0938505,-0.268443,-1.23447
243.55,0.0785,-0.230681,-1.24279
243.6,0.083347,-0.225397,-1.21661
243.65,0.0496525,-0.169838,-1.28637
243.7,0.0432475,-0.14677,-1.28424
243.75,-0.0156984,-0.0572091,-1.83861
243.8,-0.0464681,-0.00314399,-3.07404
243.85,-0.0725042,0.0423364,2.61308
243.9,-0.0959988,0.0830381,2.42846
243.95,-0.108213,0.114333,2.3287
244,-0.102009,0.108678,2.32455
244.05,-0.0827904,0.0779106,2.38655
244.1,-0.0633342,0.0410007,2.56707
244.15,-0.0270292,-0.0251168,-2.39285
244.2,0.01483,-0.102286,-1.42681
244.25,0.0570806,-0.168694,-1.24452
244.3,0.0822448,-0.205755,-1.19053
244.35,0.0867514,-0.197259,-1.15647
244.4,0.0404343,-0.125243,-1.25851
244.45,0.0494683,-0.135015,-1.21959
244.5,-0.000565657,-0.0549896,-1.58108
244.55,-0.0337603,0.0027254,3.06104
244.6,-0.0827613,0.0772415,2.39068
244.65,-0.132184,0.160372,2.26014
244.7,-0.141859,0.190091,2.21191
244.75,-0.137903,0.190155,2.19825
244.8,-0.116591,0.157113,2.20921
244.85,-0.0904321,0.112617,2.24737
244.9,-0.0483422,0.0415616,2.43147
244.95,0.0122521,-0.0588198,-1.36543
245,0.0909674,-0.189455,-1.12315
245.05,0.117717,-0.227193,-1.09275
245.1,0.11631,-0.213487,-1.07195
245.15,0.123571,-0.211966,-1.04299
245.2,0.0836299,-0.152552,-1.06933
245.25,0.046598,-0.0958127,-1.11813
245.3,-0.0581546,0.0566336,2.36944
245.35,-0.128191,0.169994,2.21691
245.4,-0.172284,0.25374,2.16727
245.45,-0.164546,0.260464,2.13423
245.5,-0.160469,0.261956,2.12041
245.55,-0.154108,0.25123,2.12102
245.6,-0.0971821,0.14853,2.15018
245.65,-0.0373131,0.0450287,2.26277
245.7,0.102655,-0.185514,-1.06538
245.75,0.148011,-0.254404,-1.04387
245.8,0.164992,-0.265372,-1.01454
245.85,0.163336,-0.248145,-0.988658
245.9,0.17167,-0.254097,-0.97663
245.95,0.183362,-0.263105,-0.962143
246,0.142015,-0.215776,-0.988706
246.05,-0.141455,0.208512,2.16688
246.1,-0.145494,0.223026,2.14883
246.15,-0.144166,0.233656,2.12362
246.2,-0.139575,0.240221,2.09715
246.25,-0.135422,0.239236,2.08589
246.3,-0.123189,0.2199,2.08144
246.35,-0.114878,0.202755,2.08628
246.4,-0.00831268,0.00194039,2.91227
246.45,-0.00833036,0.00193646,2.91319
246.5,0.159272,-0.231022,-0.967204
246.55,0.164899,-0.236322,-0.961567
246.6,0.178232,-0.242949,-0.93786
246.65,0.195466,-0.244722,-0.896833
246.7,0.201195,-0.246591,-0.88643
246.75,0.195407,-0.235308,-0.877772
246.8,0.202795,-0.236687,-0.862362
246.85,0.205302,-0.235411,-0.853613
246.9,0.203804,-0.231894,-0.849778
246.95,0.18828,-0.217099,-0.85637
247,0.150621,-0.179114,-0.871597
247.05,-0.00843954,0.00188472,2.92188
247.1,-0.0084578,0.00188038,2.92283
247.15,-0.0084755,0.00187627,2.92373
247.2,-0.249074,0.00363576,3.127
247.25,-0.247596,0.00275266,3.13048
247.3,-0.250769,0.0118203,3.09449
247.35,-0.247088,0.0245754,3.04246
247.4,-0.090982,-0.0732098,-2.46401
247.45,-0.031986,-0.103961,-1.86928
247.5,0.0152851,-0.12491,-1.44903
247.55,0.147555,-0.194998,-0.923019
247.6,0.225464,-0.220915,-0.775208
247.65,0.136849,-0.167824,-0.886719
247.7,0.0500441,-0.125083,-1.19021
247.75,-0.0433583,-0.0933187,-2.00575
247.8,-0.153756,-0.0500298,-2.82701
247.85,-0.24126,-0.00801917,-3.10837
247.9,-0.264268,-0.00282458,-3.1309
247.95,-0.26572,0.00137163,3.13643
248,-0.264815,0.0074179,3.11359
248.05,-0.254811,0.00658809,3.11574
248.1,-0.214109,-0.00579232,-3.11455
248.15,-0.180419,-0.0283472,-2.98575
248.2,-0.154438,-0.0339528,-2.92519
248.25,-0.126192,-0.0468307,-2.78624
248.3,-0.0950252,-0.0529467,-2.63325
248.35,-0.0550871,-0.0819694,-2.16251
248.4,-0.034568,-0.084863,-1.95761
248.45,0.084189,-0.149523,-1.05799
248.5,0.174633,-0.194924,-0.84025
248.55,0.321146,-0.268399,-0.696164
248.6,0.322112,-0.248989,-0.658054
248.65,0.335873,-0.243689,-0.627662
248.7,0.335966,-0.234138,-0.608649
248.75,0.357567,-0.24265,-0.596228
248.8,0.362002,-0.242658,-0.590529
248.85,0.33841,-0.224678,-0.5861
248.9,0.272,-0.191441,-0.613288
248.95,0.180553,-0.157411,-0.717033
249,0.0432621,-0.11037,-1.19723
249.05,-0.0395777,-0.0810991,-2.02481
249.1,-0.0585635,-0.0725448,-2.24996
249.15,-0.0924844,-0.0644528,-2.53295
249.2,-0.125038,-0.0537719,-2.73546
249.25,-0.142811,-0.0454829,-2.83327
249.3,-0.134385,-0.049423,-2.78917
249.35,-0.124562,-0.0444293,-2.79898
249.4,-0.103044,-0.0517892,-2.67587
249.45,-0.0640436,-0.0624679,-2.36865
249.5,-0.0593986,-0.0644741,-2.31524
249.55,0.00161896,-0.091624,-1.55313
249.6,0.0618105,-0.117606,-1.0869
249.65,0.199502,-0.170852,-0.708193
249.7,0.334017,-0.218179,-0.578621
249.75,0.426243,-0.250512,-0.531342
249.8,0.336076,-0.211087,-0.560819
249.85,0.332315,-0.200367,-0.542582
249.9,0.285816,-0.17273,-0.543604
249.95,0.159465,-0.12907,-0.680442
250,0.087518,-0.102176,-0.862517
250.05,0.0131917,-0.0839164,-1.41487
250.1,-0.0170977,-0.0709788,-1.80718
250.15,-0.0576405,-0.0641106,-2.3031
250.2,-0.108203,-0.0574812,-2.65327
250.25,-0.18749,-0.0394377,-2.93427
250.3,-0.23009,-0.0286222,-3.01783
250.35,-0.241617,-0.0154648,-3.07767
250.4,-0.245943,-0.00956731,-3.10271
250.45,-0.212653,-0.0166104,-3.06364
250.5,-0.182361,-0.0264574,-2.99752
250.55,-0.14536,-0.0352033,-2.90399
250.6,-0.0846847,-0.0509143,-2.60028
250.65,-0.056561,-0.059355,-2.3321
250.7,-0.0104745,-0.0768545,-1.70625
250.75,0.0257377,-0.0909674,-1.29507
250.8,0.10142,-0.114206,-0.844626
250.85,0.177358,-0.128186,-0.625836
250.9,0.262621,-0.140817,-0.492185
250.95,0.206363,-0.124687,-0.543508
251,0.175047,-0.115597,-0.583638
251.05,0.126372,-0.0990177,-0.664623
251.1,0.0718613,-0.0831037,-0.857819
251.15,0.0432904,-0.0751728,-1.0483
251.2,-0.00795561,-0.0680411,-1.68719
251.25,-0.0807775,-0.057892,-2.51976
251.3,-0.173116,-0.0442597,-2.89129
251.35,-0.23869,-0.0326511,-3.00564
251.4,-0.295596,-0.0118613,-3.10149
251.45,-0.318155,-0.00260253,-3.13341
251.5,-0.298195,-0.00305065,-3.13136
251.55,-0.260928,-0.00858379,-3.10871
251.6,-0.221179,-0.0200132,-3.05135
251.65,-0.180926,-0.031732,-2.96797
251.7,-0.129641,-0.0428604,-2.8223
251.75,-0.058569,-0.0514645,-2.42067
251.8,0.0130381,-0.0636089,-1.36862
251.85,0.0863259,-0.0775781,-0.732077
251.9,0.152087,-0.0904292,-0.53643
251.95,0.201215,-0.100449,-0.46302
252,0.261677,-0.101864,-0.371225
252.05,0.293513,-0.0924174,-0.305039
252.1,0.18542,-0.0759112,-0.388584
252.15,0.117466,-0.0675792,-0.522067
252.2,0.106075,-0.0572656,-0.495026
252.25,0.0396521,-0.0531724,-0.930035
252.3,-0.0646094,-0.0524915,-2.45931
252.35,-0.175122,-0.0437882,-2.89657
252.4,-0.261058,-0.0386342,-2.99467
252.45,-0.291634,-0.0273373,-3.04813
252.5,-0.294509,-0.0201567,-3.07326
252.55,-0.261687,-0.0250188,-3.04628
252.6,-0.201156,-0.0285587,-3.00056
252.65,-0.14747,-0.038494,-2.88626
252.7,-0.0712661,-0.0442497,-2.58594
252.75,0.039628,-0.0466545,-0.866655
252.8,0.132061,-0.0531341,-0.382526
252.85,0.230674,-0.0610926,-0.2589
252.9,0.311079,-0.0619188,-0.196477
252.95,0.353517,-0.0577712,-0.161987
253,0.437699,-0.0455581,-0.103712
253.05,0.354702,-0.036003,-0.101156
253.1,0.264461,-0.0249965,-0.0942385
253.15,0.156813,-0.026118,-0.16504
253.2,0.0146836,-0.0367263,-1.19045
253.25,-0.10228,-0.0410746,-2.75972
253.3,-0.22106,-0.041403,-2.95644
253.35,-0.300048,-0.0415952,-3.00384
253.4,-0.303666,-0.0351195,-3.02645
253.45,-0.308816,-0.0285483,-3.04941
253.5,-0.308046,-0.0240023,-3.06383
253.55,-0.301711,-0.0267776,-3.05307
253.6,-0.308995,-0.0206335,-3.07492
253.65,-0.290842,-0.0291873,-3.04157
253.7,-0.238555,-0.0267518,-3.02992
253.75,-0.136258,-0.0293858,-2.92918
253.8,0.0277765,-0.0192372,-0.605722
253.85,0.212685,-0.00405456,-0.0190613
253.9,0.394481,0.0179241,0.0454059
253.95,0.670716,0.0657676,0.0977433
254,0.485215,0.0580181,0.119007
254.05,0.308674,0.03316,0.107017
254.1,0.141796,0.00866909,0.0610618
254.15,-0.0319065,-0.0143775,-2.71823
254.2,-0.260601,-0.0482852,-2.95839
254.25,-0.266472,-0.0444495,-2.97631
254.3,-0.268565,-0.0414717,-2.98838
254.35,-0.268549,-0.0383509,-2.99974
254.4,-0.263315,-0.0348859,-3.00987
254.45,-0.264283,-0.0269841,-3.03984
254.5,-0.0917332,-0.0131803,-2.99889
254.55,0.290964,0.0387935,0.132546
254.6,0.618795,0.0985324,0.157907
254.65,0.645472,0.117732,0.180414
254.7,0.688594,0.145005,0.207549
254.75,0.673886,0.156217,0.227792
254.8,0.674138,0.168322,0.244682
254.85,0.646886,0.166488,0.251902
254.9,0.645967,0.171728,0.259836
254.95,0.575559,0.152959,0.259753
255,0.451545,0.115853,0.251153
255.05,0.241073,0.0564163,0.229885
255.1,-0.238155,-0.0443626,-2.95743
255.15,-0.24292,-0.036381,-2.99293
255.2,-0.244231,-0.0320122,-3.01126
255.25,-0.248587,-0.0305296,-3.01939
255.3,-0.241178,-0.0284865,-3.02402
255.35,-0.238535,-0.0277422,-3.02581
255.4,-0.00822137,0.000135681,3.12509
255.45,-0.00820759,0.000114633,3.12763
255.5,-0.00819357,9.35621e-05,3.13017
255.55,0.263481,0.0692945,0.257172
255.6,0.370195,0.105165,0.276787
255.65,0.379466,0.118598,0.302921
255.7,0.385828,0.129328,0.323427
255.75,0.377369,0.12908,0.329578
255.8,0.343245,0.118474,0.332355
255.85,0.264781,0.0910591,0.331233
255.9,-0.00811358,-7.01825e-05,-3.13294
255.95,-0.00809422,-0.000103773,-3.12877
256,-0.00807814,-0.00013365,-3.12505
256.05,-0.00806386,-0.000161155,-3.12161
256.1,-0.00805252,-0.000184303,-3.11871
256.15,-0.00804494,-0.000201308,-3.11657
256.2,-0.00804054,-0.000214083,-3.11497
256.25,0.232236,0.0754295,0.314048
256.3,0.299763,0.103366,0.332057
256.35,0.339949,0.124974,0.352291
256.4,0.374827,0.148628,0.377506
256.45,0.328581,0.134591,0.388767
256.5,0.29149,0.119765,0.389844
256.55,0.249091,0.103122,0.39251
256.6,-0.00796217,-0.000364583,-3.09584
256.65,-0.00794161,-0.000397563,-3.09157
256.7,-0.00792337,-0.000428532,-3.08756
256.75,-0.00790748,-0.000456435,-3.08393
256.8,-0.00789766,-0.000476667,-3.08131
256.85,-0.00789276,-0.000489849,-3.07961
256.9,-0.00788789,-0.000502921,-3.07792
256.95,-0.00788365,-0.000514885,-3.07637
257,0.280926,0.115563,0.390265
257.05,0.320175,0.138647,0.408657
257.1,0.375835,0.174083,0.433768
257.15,0.37788,0.183714,0.452521
257.2,0.377254,0.191917,0.470599
257.25,0.339358,0.177577,0.482092
257.3,0.259202,0.133556,0.475779
257.35,-0.00779495,-0.000668426,-3.05605
257.4,-0.00777322,-0.000700339,-3.05174
257.45,-0.00775343,-0.000730443,-3.04766
257.5,-0.00773563,-0.000758749,-3.04382
257.55,-0.00772131,-0.000782775,-3.04056
257.6,-0.00771358,-0.000799152,-3.03836
257.65,-0.00770899,-0.000811589,-3.0367
257.7,-0.0077035,-0.000824826,-3.03493
257.75,0.257092,0.124589,0.451257
257.8,0.294979,0.15064,0.472155
257.85,0.325606,0.174407,0.49175
257.9,0.314109,0.176934,0.512988
257.95,0.314792,0.187083,0.536223
258,0.265311,0.158836,0.539447
258.05,0.212609,0.124522,0.529826
258.1,-0.00761206,-0.000976052,-3.01406
258.15,-0.0075914,-0.00100513,-3.00995
258.2,-0.00757145,-0.00103445,-3.00581
258.25,-0.00755238,-0.00106285,-3.00178
258.3,-0.00753767,-0.00108648,-2.99844
258.35,-0.00752814,-0.00110407,-2.99597
258.4,-0.00752344,-0.00111647,-2.99427
258.45,-0.0075189,-0.00112846,-2.99262
258.5,-0.00751346,-0.00114116,-2.99086
258.55,0.224211,0.127059,0.515569
258.6,0.255733,0.150597,0.532207
258.65,0.276445,0.171781,0.556001
258.7,0.26778,0.175593,0.580398
258.75,0.253481,0.170837,0.593039
258.8,0.207087,0.139615,0.593191
258.85,-0.00743606,-0.00126437,-2.97317
258.9,-0.00741417,-0.00129278,-2.96896
258.95,-0.00739313,-0.00132078,-2.96481
259,-0.00737324,-0.00134797,-2.96077
259.05,-0.00735697,-0.0013713,-2.95731
259.1,-0.00734643,-0.00138902,-2.95473
259.15,-0.00734019,-0.00140239,-2.95281
259.2,-0.00733477,-0.00141475,-2.95105
259.25,0.199924,0.127477,0.567628
259.3,0.218969,0.145734,0.587225
259.35,0.240054,0.169263,0.614142
259.4,0.228196,0.167986,0.634578
259.45,0.210092,0.157316,0.642732
259.5,0.197897,0.150451,0.65003
259.55,-0.00725531,-0.00153558,-2.93302
259.6,-0.007233,-0.0015633,-2.92873
259.65,-0.00721061,-0.00159167,-2.92434
259.7,-0.00719015,-0.00161838,-2.9202
259.75,-0.00717549,-0.00163924,-2.917
259.8,-0.00716603,-0.00165535,-2.91458
259.85,-0.00716036,-0.00166775,-2.91276
259.9,-0.00715512,-0.00167962,-2.91102
259.95,-0.00715082,-0.00169053,-2.90944
260,0.198259,0.148075,0.6415
260.05,0.228274,0.179398,0.666076
260.1,0.242969,0.198771,0.685674
260.15,0.240981,0.20634,0.70811
260.2,0.21389,0.187234,0.719043
260.25,0.202653,0.180279,0.727038
260.3,0.170353,0.14645,0.71009
260.35,-0.00704944,-0.00183165,-2.88738
260.4,-0.00702672,-0.00185852,-2.88302
260.45,-0.00700402,-0.00188551,-2.87862
260.5,-0.00698181,-0.00191242,-2.87424
260.55,-0.00696572,-0.00193388,-2.87078
260.6,-0.00695731,-0.00194851,-2.86852
260.65,-0.00695342,-0.00195874,-2.86701
260.7,-0.00694929,-0.0019693,-2.86545
260.75,-0.0069447,-0.00198037,-2.8638
260.8,0.18253,0.15172,0.693482
260.85,0.186678,0.160449,0.709981
260.9,0.203127,0.183347,0.734263
260.95,0.205394,0.193536,0.755683
261,0.193124,0.189852,0.776855
261.05,0.173829,0.16973,0.773468
261.1,-0.0068731,-0.00208563,-2.84698
261.15,-0.00684874,-0.00211203,-2.84246
261.2,-0.00682506,-0.0021383,-2.83798
261.25,-0.00680413,-0.00216264,-2.83385
261.3,-0.00679098,-0.00218045,-2.83091
261.35,-0.00678438,-0.00219266,-2.829
261.4,-0.00678139,-0.00220209,-2.82761
261.45,-0.00677823,-0.00221139,-2.82623
261.5,0.165192,0.158855,0.765844
261.55,0.194033,0.191524,0.778891
261.6,0.197606,0.201263,0.794567
261.65,0.192667,0.200754,0.805949
261.7,0.178814,0.192988,0.823504
261.75,0.169427,0.190337,0.843454
261.8,-0.00670133,-0.0023173,-2.80867
261.85,-0.00667501,-0.00234391,-2.8039
261.9,-0.00664956,-0.00237033,-2.79917
261.95,-0.00662638,-0.00239508,-2.79476
262,-0.00661225,-0.00241302,-2.79168
262.05,-0.00660864,-0.00242261,-2.79022
262.1,-0.00660588,-0.00243167,-2.78888
262.15,-0.00660296,-0.00244067,-2.78754
262.2,0.161472,0.169126,0.808544
262.25,0.176769,0.190284,0.822201
262.3,0.188315,0.21586,0.853444
262.35,0.17442,0.205093,0.866045
262.4,0.163513,0.198034,0.880591
262.45,0.152596,0.186599,0.885312
262.5,-0.00652316,-0.00254569,-2.76952
262.55,-0.00649686,-0.00257153,-2.7647
262.6,-0.00647144,-0.00259711,-2.75995
262.65,-0.00644702,-0.0026219,-2.75534
262.7,-0.00643013,-0.0026414,-2.75182
262.75,-0.00642136,-0.00265492,-2.74954
262.8,-0.00641634,-0.00266548,-2.74786
262.85,-0.00641368,-0.00267412,-2.74657
262.9,-0.00641118,-0.00268278,-2.74528
262.95,0.149316,0.180456,0.879547
263,0.161611,0.197716,0.88554
263.05,0.165296,0.208631,0.900776
263.1,0.162841,0.215012,0.922603
263.15,0.156997,0.217081,0.944656
263.2,0.143984,0.200023,0.946881
263.25,0.134114,0.184035,0.941039
263.3,-0.00631339,-0.00280357,-2.72368
263.35,-0.00628727,-0.00282849,-2.71884
263.4,-0.00626178,-0.00285331,-2.71403
263.45,-0.00623774,-0.00287714,-2.70942
263.5,-0.00621845,-0.00289781,-2.70551
263.55,-0.0061999,-0.00291775,-2.70173
263.6,-0.00618493,-0.00293517,-2.6985
263.65,-0.00617612,-0.00294827,-2.69622
263.7,-0.00617333,-0.00295697,-2.69489
263.75,-0.00617101,-0.0029651,-2.69368
263.8,-0.00616885,-0.0029733,-2.69246
263.85,-0.00616652,-0.00298145,-2.69124
263.9,0.138631,0.193731,0.949686
263.95,0.141721,0.20311,0.961577
264,0.142746,0.216511,0.987911
264.05,0.142844,0.225842,1.00682
264.1,0.1347,0.217353,1.016
264.15,0.12047,0.200965,1.03078
264.2,-0.0060956,-0.00307327,-2.67461
264.25,-0.00607147,-0.00309546,-2.67011
264.3,-0.00604766,-0.00311777,-2.66559
264.35,-0.00602377,-0.00314007,-2.66107
264.4,-0.00600401,-0.00315994,-2.65712
264.45,-0.00598628,-0.00317855,-2.65348
264.5,-0.00597102,-0.0031953,-2.65023
264.55,-0.00595786,-0.00321042,-2.64735
264.6,-0.00594716,-0.00322398,-2.64483
264.65,-0.00593862,-0.00323591,-2.64268
264.7,-0.00593262,-0.00324631,-2.6409
264.75,0.121507,0.196433,1.01684
264.8,0.128778,0.215389,1.03193
264.85,0.126703,0.227979,1.06354
264.9,0.12334,0.228452,1.07575
264.95,0.116855,0.221076,1.08455
265,0.103244,0.202594,1.09949
265.05,0.105639,0.198788,1.08233
265.1,-0.00583418,-0.00335798,-2.61933
265.15,-0.00581045,-0.00337916,-2.61484
265.2,-0.005787,-0.00340049,-2.61033
265.25,-0.00576396,-0.00342183,-2.60585
265.3,-0.00574511,-0.00344049,-2.60202
265.35,-0.00572823,-0.00345767,-2.59852
265.4,-0.00571375,-0.00347339,-2.59538
265.45,-0.00570131,-0.00348757,-2.5926
265.5,-0.00569328,-0.00349903,-2.59051
265.55,-0.0056912,-0.00350668,-2.58938
265.6,-0.00568976,-0.00351402,-2.58833
265.65,-0.00568813,-0.00352162,-2.58723
265.7,0.110608,0.218013,1.10129
265.75,0.106187,0.213805,1.10983
265.8,0.110385,0.246797,1.15021
265.85,0.103458,0.23155,1.1506
265.9,0.100334,0.245457,1.18276
265.95,0.0925992,0.228981,1.18651
266,0.0877113,0.213621,1.18119
266.05,-0.00560184,-0.00362187,-2.56765
266.1,-0.0055786,-0.00364187,-2.56323
266.15,-0.00555504,-0.00366209,-2.55875
266.2,-0.00553204,-0.00368219,-2.55432
266.25,-0.0055132,-0.00369973,-2.55055
266.3,-0.00549754,-0.00371548,-2.54726
266.35,-0.00548485,-0.00372925,-2.54447
266.4,-0.00547561,-0.00374104,-2.54222
266.45,-0.00546954,-0.00375106,-2.54045
266.5,-0.00546713,-0.00375883,-2.53928
266.55,-0.00546588,-0.00376576,-2.53832
266.6,-0.00546482,-0.00377272,-2.53736
266.65,0.0930047,0.224851,1.1786
266.7,0.0904514,0.235878,1.20462
266.75,0.0933405,0.24149,1.20196
266.8,0.0875169,0.248358,1.232
266.85,0.0829035,0.249655,1.25018
266.9,0.0810409,0.240524,1.24581
266.95,0.0727145,0.223632,1.25643
267,0.0742037,0.214573,1.23785
267.05,-0.00535032,-0.00389044,-2.51288
267.1,-0.00532756,-0.00390944,-2.50853
267.15,-0.00530519,-0.00392844,-2.5042
267.2,-0.00528326,-0.00394706,-2.49996
267.25,-0.00526121,-0.00396558,-2.4957
267.3,-0.00523939,-0.0039841,-2.49146
267.35,-0.00521876,-0.00400187,-2.48741
267.4,-0.00520575,-0.0040155,-2.48456
267.45,-0.00519741,-0.00402636,-2.48248
267.5,-0.00519276,-0.0040352,-2.48098
267.55,-0.00519127,-0.0040424,-2.47998
267.6,-0.00519072,-0.00404895,-2.47914
267.65,0.0789404,0.214631,1.21836
267.7,0.0708691,0.211625,1.24765
267.75,0.0671608,0.21674,1.27031
267.8,0.0670985,0.231658,1.28887
267.85,0.0626893,0.223241,1.29703
267.9,-0.00515122,-0.0041066,-2.46856
267.95,-0.005129,-0.00412425,-2.46435
268,-0.00510776,-0.00414163,-2.46027
268.05,-0.00508664,-0.00415884,-2.45621
268.1,-0.00507057,-0.00417349,-2.45294
268.15,-0.00505919,-0.00418553,-2.45042
268.2,-0.00505105,-0.00419595,-2.44841
268.25,-0.00504573,-0.004205,-2.44683
268.3,-0.00504357,-0.00421224,-2.44577
268.35,0.065937,0.221276,1.28119
268.4,0.059883,0.227931,1.31388
268.45,0.0639406,0.244361,1.31487
268.5,0.0552767,0.243017,1.34714
268.55,0.0527623,0.234666,1.34963
268.6,0.0467188,0.229674,1.37012
268.65,0.0452954,0.229624,1.37604
268.7,0.0442766,0.216329,1.36891
268.75,-0.0049472,-0.00431494,-2.42435
268.8,-0.00492612,-0.00433198,-2.42028
268.85,-0.00490488,-0.00434936,-2.41615
268.9,-0.00488344,-0.00436681,-2.41199
268.95,-0.00486556,-0.00438228,-2.40841
269,-0.00485035,-0.00439646,-2.40524
269.05,-0.00483703,-0.00440943,-2.40241
269.1,-0.00482604,-0.00442127,-2.39994
269.15,-0.00481702,-0.00443214,-2.39778
269.2,-0.00481032,-0.00444162,-2.39602
269.25,-0.00480558,-0.00444991,-2.3946
269.3,-0.00480308,-0.00445717,-2.39353
269.35,0.0459203,0.215151,1.36052
269.4,0.0451464,0.234554,1.38064
269.45,0.0423056,0.234647,1.39242
269.5,0.0362844,0.239682,1.42055
269.55,0.0358354,0.231523,1.41723
269.6,0.032921,0.223885,1.4248
269.65,0.0323422,0.234311,1.43363
269.7,-0.00472948,-0.00454004,-2.37663
269.75,-0.00470931,-0.00455611,-2.37273
269.8,-0.00468924,-0.0045721,-2.36884
269.85,-0.00466843,-0.00458841,-2.36484
269.9,-0.00465033,-0.00460355,-2.36125
269.95,-0.00463459,-0.0046173,-2.35806
270,-0.00462109,-0.00463006,-2.35522
270.05,-0.00460949,-0.00464195,-2.35269
270.1,-0.0046001,-0.00465257,-2.35052
270.15,-0.00459255,-0.00466202,-2.34869
270.2,-0.00458719,-0.00467055,-2.34719
270.25,-0.00458437,-0.00467765,-2.34612
270.3,0.032476,0.221799,1.42541
270.35,0.0345023,0.231074,1.42258
270.4,0.0302893,0.235241,1.44274
270.45,0.0227761,0.229834,1.47202
270.5,0.0293799,0.22752,1.44238
270.55,0.0115426,0.238495,1.52244
270.6,0.0118931,0.235605,1.52036
270.65,-0.00452564,-0.0047518,-2.33182
270.7,0.0310516,0.221259,1.43137
270.75,-0.00448851,-0.00478145,-2.3246
270.8,-0.0044714,-0.00479571,-2.32121
270.85,-0.00445843,-0.00480822,-2.31847
270.9,-0.00444458,-0.00482121,-2.31557
270.95,-0.0044328,-0.00483285,-2.31304
271,-0.00442563,-0.00484227,-2.31127
271.05,-0.0044221,-0.00485012,-2.31007
271.1,-0.00442205,-0.00485618,-2.30944
271.15,-0.00442255,-0.00486179,-2.30892
271.2,0.0197805,0.225697,1.48338
271.25,0.025036,0.227059,1.46098
271.3,0.0168217,0.231803,1.49835
271.35,0.0126472,0.229506,1.51575
271.4,0.0126457,0.225586,1.5148
271.45,0.0183477,0.225349,1.48956
271.5,0.00744346,0.221297,1.53717
271.55,-0.00435597,-0.00493976,-2.29347
271.6,-0.00433705,-0.00495454,-2.28984
271.65,-0.00431866,-0.00496938,-2.28625
271.7,-0.00430034,-0.00498409,-2.28268
271.75,-0.00428188,-0.0049987,-2.27911
271.8,-0.00426358,-0.00501325,-2.27556
271.85,-0.00424528,-0.00502802,-2.27199
271.9,-0.00422711,-0.00504263,-2.26844
271.95,-0.00420883,-0.0050571,-2.2649
272,-0.004191,-0.0050714,-2.26143
272.05,-0.00417542,-0.00508489,-2.2583
272.1,-0.00416363,-0.00509658,-2.25579
272.15,-0.00415471,-0.00510668,-2.25377
272.2,-0.00414878,-0.00511533,-2.25224
272.25,-0.00414571,-0.0051228,-2.25116
272.3,-0.0041456,-0.00512876,-2.25058
272.35,-0.00414657,-0.00513402,-2.25019
272.4,-0.00414771,-0.00513922,-2.24983
272.45,0.00630048,0.224862,1.54278
272.5,0.00615416,0.223397,1.54326
272.55,0.0178847,0.229527,1.49303
272.6,0.00605734,0.225926,1.54399
272.65,0.000272786,0.236694,1.56964
272.7,-0.00378723,0.230738,1.58721
272.75,-0.00240166,0.227583,1.58135
272.8,-0.00225077,0.228988,1.58063
272.85,0.000346902,0.22891,1.56928
272.9,0.00846993,0.226011,1.53334
272.95,-0.00141014,0.23047,1.57691
273,-0.00406577,-0.00524347,-2.23035
273.05,-0.00404737,-0.00525771,-2.22685
273.1,-0.00402925,-0.00527176,-2.22339
273.15,-0.00401113,-0.00528567,-2.21995
273.2,-0.00399336,-0.00529947,-2.21656
273.25,-0.00397561,-0.00531348,-2.21315
273.3,-0.00395797,-0.00532737,-2.20977
273.35,-0.00394052,-0.00534096,-2.20644
273.4,-0.00392423,-0.00535412,-2.20329
273.45,-0.00390982,-0.00536667,-2.20042
273.5,-0.00389809,-0.0053779,-2.198
273.55,-0.0038901,-0.00538715,-2.19621
273.6,-0.00388741,-0.00539404,-2.19527
273.65,-0.0038885,-0.00539939,-2.19493
273.7,-0.00389002,-0.00540447,-2.19467
273.75,-0.00389139,-0.0054094,-2.19441
273.8,0.00023954,0.225269,1.56973
273.85,0.0138923,0.22581,1.50935
273.9,0.00550265,0.226487,1.54651
273.95,-0.000946705,0.232114,1.57487
274,-0.00268832,0.230912,1.58244
274.05,-0.00142397,0.233323,1.5769
274.1,-0.00418367,0.231771,1.58885
274.15,-0.00572991,0.225129,1.59624
274.2,-0.00422634,0.234103,1.58885
274.25,0.000716929,0.224838,1.56761
274.3,0.00431766,0.231846,1.55218
274.35,-0.00381379,-0.00550968,-2.17627
274.4,-0.00379811,-0.00552224,-2.17328
274.45,-0.00378237,-0.00553509,-2.17026
274.5,-0.00376631,-0.00554807,-2.16719
274.55,-0.00375262,-0.00555977,-2.16452
274.6,-0.00374126,-0.00557048,-2.16222
274.65,-0.00373145,-0.00558068,-2.16016
274.7,-0.00372331,-0.00559001,-2.15838
274.75,-0.0037166,-0.00559847,-2.15685
274.8,-0.00371162,-0.00560616,-2.1556
274.85,0.00789761,0.221873,1.53522
274.9,-0.00370816,-0.00561904,-2.15412
274.95,-0.00148291,0.2204,1.57752
275,0.0251767,0.225275,1.4595
275.05,0.00340764,0.22949,1.55595
275.1,-0.00743773,0.223016,1.60413
275.15,-0.00775869,0.222891,1.60559
275.2,-0.00454586,0.230066,1.59055
275.25,-0.00714767,0.226932,1.60228
275.3,-0.00365688,-0.00568511,-2.1424
275.35,-0.00364183,-0.00569742,-2.13955
275.4,-0.00362671,-0.00570974,-2.13668
275.45,-0.00361152,-0.00572191,-2.13382
275.5,-0.00360083,-0.00573211,-2.13168
275.55,-0.00359159,-0.00574189,-2.12976
275.6,-0.00358381,-0.00575091,-2.12808
275.65,-0.00357738,-0.00575937,-2.12662
275.7,-0.00357289,-0.00576688,-2.12547
275.75,-0.00357284,-0.0057722,-2.12505
275.8,-0.00357478,-0.00577672,-2.12494
275.85,-0.00357674,-0.00578142,-2.12482
275.9,0.00557621,0.220998,1.54557
275.95,-0.000949236,0.222691,1.57506
276,0.00174906,0.229583,1.56318
276.05,0.00540692,0.227633,1.54705
276.1,-0.0100593,0.232896,1.61396
276.15,-0.00918568,0.225048,1.61159
276.2,-0.00324557,0.228209,1.58502
276.25,-0.00501996,0.228936,1.59272
276.3,0.000528285,0.232017,1.56852
276.35,0.00857604,0.226448,1.53294
276.4,-0.00825999,0.23057,1.60661
276.45,-0.00352474,0.226153,1.58638
276.5,-0.017473,0.220521,1.64987
276.55,-0.00350844,-0.0058851,-2.10838
276.6,-0.00349271,-0.0058974,-2.10549
276.65,-0.00347659,-0.00590971,-2.10256
276.7,-0.00346242,-0.00592122,-2.09993
276.75,-0.00345409,-0.00593032,-2.09821
276.8,-0.00345315,-0.00593611,-2.09767
276.85,-0.00345483,-0.00594081,-2.09753
276.9,-0.00345749,-0.00594502,-2.09756
276.95,-0.00345821,-0.00594985,-2.0973
277,0.00397516,0.225581,1.55318
277.05,0.00692012,0.227494,1.54039
277.1,0.0123331,0.230889,1.51743
277.15,-0.00356494,0.230908,1.58623
277.2,3.10059e-05,0.229467,1.57066
277.25,0.00320669,0.225212,1.55656
277.3,-0.00343261,-0.00599753,-2.09063
277.35,-0.00341734,-0.00600952,-2.08785
277.4,-0.00340233,-0.00602134,-2.08512
277.45,-0.00338771,-0.00603278,-2.08246
277.5,-0.00337589,-0.00604305,-2.08025
277.55,-0.00336593,-0.00605267,-2.07832
277.6,-0.00335613,-0.00606215,-2.07641
277.65,-0.00334955,-0.00607004,-2.07503
277.7,0.232497,0.0916255,0.375403
277.75,0.214294,0.0818357,0.364793
277.8,0.169188,0.122437,0.626438
277.85,0.230214,0.0963979,0.39655
277.9,0.20059,0.0969761,0.450323
277.95,0.22709,0.106038,0.436854
278,0.199428,0.105248,0.4856
278.05,0.206502,0.106342,0.475551
278.1,0.206334,0.111864,0.496798
278.15,0.209528,0.116413,0.50713
278.2,0.198878,0.121892,0.54985
278.25,0.214805,0.128349,0.538589
278.3,0.191648,0.12023,0.560286
278.35,-0.00324119,-0.00619271,-2.05298
278.4,0.194113,0.124307,0.569586
278.45,0.192819,0.121998,0.56412
278.5,-0.00319909,-0.0062284,-2.04529
278.55,-0.00319068,-0.00623782,-2.04361
278.6,-0.00318146,-0.00624759,-2.0418
278.65,-0.003172,-0.00625752,-2.03996
278.7,-0.00316199,-0.00626764,-2.03803
278.75,-0.00315316,-0.00627697,-2.03631
278.8,0.185387,0.121546,0.580326
278.85,0.200333,0.127794,0.567826
278.9,0.208855,0.13131,0.561266
278.95,-0.00314391,-0.0063022,-2.03353
279,-0.00314319,-0.00630766,-2.03309
279.05,0.195208,0.135924,0.60824
279.1,0.190578,0.131675,0.604608
279.15,0.183329,0.129862,0.61631
279.2,0.192657,0.136491,0.616385
279.25,0.185432,0.13184,0.618063
279.3,-0.00311992,-0.00634935,-2.02752
279.35,-0.00310958,-0.00635925,-2.02559
279.4,-0.00310068,-0.00636854,-2.02389
279.45,-0.00309259,-0.00637759,-2.0223
279.5,-0.00309007,-0.00638383,-2.0216
279.55,0.184039,0.125556,0.598695
279.6,0.18343,0.125933,0.60164
279.65,0.186245,0.133953,0.623514
279.7,0.189521,0.134395,0.616829
279.75,0.179853,0.13036,0.627184
279.8,-0.00310724,-0.00640507,-2.02247
279.85,-0.00310928,-0.00640903,-2.02249
279.9,0.178915,0.137849,0.656476
279.95,-0.00310302,-0.00642161,-2.02093
280,-0.00310003,-0.00642775,-2.02017
280.05,0.183054,0.142832,0.662594
280.1,-0.00310065,-0.00643723,-2.01968
280.15,-0.00310104,-0.0064419,-2.01944
280.2,0.175616,0.13382,0.651138
280.25,0.181635,0.135994,0.642682
280.3,0.186289,0.138213,0.638315
280.35,0.183731,0.136262,0.638128
280.4,0.193743,0.144822,0.641895
280.45,0.194884,0.151904,0.662088
280.5,0.17907,0.140692,0.66595
280.55,0.196065,0.155952,0.671936
280.6,0.170349,0.143723,0.700824
280.65,-0.00310748,-0.00648585,-2.0176
280.7,0.165152,0.145429,0.72198
280.75,0.164408,0.146658,0.728396
280.8,-0.00308159,-0.00651188,-2.0128
280.85,-0.00307564,-0.00651904,-2.01162
280.9,-0.00306936,-0.00652643,-2.0104
280.95,-0.00306426,-0.0065334,-2.00935
281,-0.00306256,-0.00653875,-2.00882
281.05,-0.00306452,-0.00654245,-2.00885
281.1,-0.00306707,-0.00654582,-2.00897
281.15,0.17161,0.140088,0.684611
281.2,-0.00307291,-0.00655197,-2.00934
281.25,0.184334,0.151675,0.688507
281.3,0.171044,0.145785,0.70584
281.35,0.180893,0.151091,0.695868
281.4,0.176377,0.155407,0.722277
281.45,0.178902,0.160778,0.732092
281.5,0.161326,0.155613,0.767374
281.55,-0.00306981,-0.00658431,-2.00707
281.6,-0.00306008,-0.00659302,-2.00535
281.65,-0.00305107,-0.00660143,-2.00374
281.7,-0.00304199,-0.00660979,-2.00212
281.75,-0.00303482,-0.00661707,-2.00081
281.8,-0.00303319,-0.006622,-2.00032
281.85,-0.00303525,-0.00662545,-2.00038
281.9,0.170708,0.151701,0.726515
281.95,0.16199,0.150082,0.74726
282,0.165787,0.154668,0.750716
282.05,0.160108,0.160727,0.787327
282.1,0.168962,0.170852,0.79096
282.15,0.153413,0.162412,0.813885
282.2,-0.00303167,-0.0066564,-1.99818
282.25,-0.00302092,-0.00666501,-1.99635
282.3,-0.00301096,-0.00667333,-1.99464
282.35,-0.00300146,-0.00668154,-1.993
282.4,-0.00299412,-0.00668875,-1.99168
282.45,-0.0029913,-0.00669409,-1.99103
282.5,-0.00299326,-0.00669736,-1.99109
282.55,-0.00299559,-0.00670029,-1.99122
282.6,0.161124,0.163987,0.794205
282.65,0.167986,0.169632,0.790275
282.7,0.164216,0.170209,0.803316
282.75,0.1642,0.17866,0.827548
282.8,0.156317,0.180321,0.856583
282.85,0.151458,0.179557,0.870085
282.9,-0.00298826,-0.00673146,-1.98859
282.95,-0.00297852,-0.00673929,-1.98695
283,-0.0029686,-0.00674732,-1.98528
283.05,-0.00295784,-0.00675547,-1.9835
283.1,-0.00295081,-0.00676213,-1.98226
283.15,-0.00294877,-0.00676689,-1.98175
283.2,-0.00295018,-0.00677022,-1.98174
283.25,-0.00295246,-0.00677322,-1.98186
283.3,0.152838,0.170328,0.839468
283.35,0.157591,0.175031,0.83778
283.4,0.152464,0.177746,0.861813
283.45,0.163012,0.197411,0.88055
283.5,0.140154,0.182865,0.916859
283.55,0.136062,0.183834,0.933638
283.6,-0.00294531,-0.00680247,-1.9794
283.65,-0.00293537,-0.00681029,-1.97775
283.7,-0.00292554,-0.00681785,-1.97613
283.75,-0.00291637,-0.00682524,-1.97461
283.8,-0.00291082,-0.00683116,-1.97361
283.85,-0.00291077,-0.00683473,-1.97341
283.9,-0.00291309,-0.00683744,-1.97356
283.95,0.143409,0.179202,0.895894
284,0.147686,0.187225,0.902914
284.05,0.152295,0.199651,0.919148
284.1,0.147732,0.204153,0.944382
284.15,0.146739,0.20907,0.958819
284.2,0.135728,0.20353,0.982651
284.25,-0.0029076,-0.00686522,-1.97142
284.3,-0.00289768,-0.00687276,-1.9698
284.35,-0.00288733,-0.00688022,-1.96813
284.4,-0.00287743,-0.00688753,-1.96653
284.45,-0.00287151,-0.00689342,-1.96549
284.5,-0.00287053,-0.00689726,-1.96518
284.55,-0.0028714,-0.00690052,-1.96512
284.6,0.137112,0.192005,0.950665
284.65,0.145794,0.208554,0.960696
284.7,0.140019,0.203724,0.968646
284.75,0.134726,0.21406,1.00905
284.8,0.128215,0.208229,1.01888
284.85,0.13172,0.224727,1.04063
284.9,0.121989,0.211513,1.04765
284.95,-0.00285007,-0.00693686,-1.96063
285,-0.00283978,-0.00694415,-1.95899
285.05,-0.0028294,-0.00695132,-1.95735
285.1,-0.00281895,-0.00695862,-1.95569
285.15,-0.00281229,-0.00696431,-1.95459
285.2,-0.00281157,-0.00696789,-1.95432
285.25,-0.00281334,-0.00697064,-1.9544
285.3,-0.00281595,-0.00697305,-1.9546
285.35,0.134534,0.223038,1.02804
285.4,0.127669,0.214478,1.03387
285.45,0.133566,0.228345,1.04153
285.5,0.138299,0.244274,1.05563
285.55,0.116412,0.22377,1.09109
285.6,0.10475,0.214447,1.11642
285.65,0.115498,0.23784,1.11872
285.7,-0.00280051,-0.00700589,-1.95108
285.75,-0.00278931,-0.0070134,-1.94933
285.8,-0.00277878,-0.00702058,-1.94768
285.85,-0.00276846,-0.00702744,-1.94608
285.9,-0.00276323,-0.00703251,-1.94519
285.95,-0.00276408,-0.00703528,-1.94516
286,-0.00276681,-0.00703752,-1.94538
286.05,0.116083,0.217803,1.08112
286.1,0.128187,0.250325,1.09753
286.15,0.117837,0.23824,1.11147
286.2,0.105808,0.230481,1.14042
286.25,0.111587,0.252038,1.154
286.3,0.102027,0.244047,1.17482
286.35,-0.00275684,-0.00706372,-1.9429
286.4,-0.00274644,-0.00707069,-1.94129
286.45,-0.00273613,-0.00707746,-1.9397
286.5,-0.00272681,-0.00708399,-1.93824
286.55,-0.00272224,-0.00708864,-1.93746
286.6,-0.00272254,-0.00709156,-1.93736
286.65,-0.00272496,-0.00709363,-1.93756
286.7,0.113434,0.255897,1.15354
286.75,0.10236,0.234874,1.15981
286.8,0.104201,0.248749,1.1741
286.85,0.0999371,0.260259,1.20417
286.9,0.0887346,0.246947,1.22584
286.95,0.0869348,0.258643,1.24654
287,-0.00271526,-0.00711878,-1.93518
287.05,-0.00270516,-0.00712544,-1.93364
287.1,-0.00269585,-0.0071319,-1.93219
287.15,-0.00268642,-0.00713819,-1.93075
287.2,-0.00268121,-0.00714304,-1.92988
287.25,-0.00268173,-0.00714591,-1.92981
287.3,-0.00268433,-0.00714792,-1.93004
287.35,0.0994656,0.270572,1.21852
287.4,0.0929831,0.256801,1.2234
287.45,0.0898438,0.259906,1.23798
287.5,0.082819,0.26359,1.26637
287.55,0.0805856,0.268284,1.279
287.6,0.074463,0.270459,1.30213
287.65,-0.00267615,-0.00717192,-1.92794
287.7,-0.00266671,-0.00717835,-1.92649
287.75,-0.00265698,-0.0071847,-1.92501
287.8,-0.00264706,-0.0071912,-1.9235
287.85,-0.00263731,-0.00719745,-1.92203
287.9,-0.00263237,-0.0072021,-1.92121
287.95,-0.00263351,-0.00720446,-1.92125
288,-0.00263622,-0.00720641,-1.92149
288.05,0.0814412,0.274378,1.28226
288.1,0.076366,0.271271,1.29639
288.15,0.080028,0.290891,1.30232
288.2,0.0663311,0.270671,1.33047
288.25,0.0679539,0.288859,1.33975
288.3,0.0674553,0.308582,1.35558
288.35,0.0595356,0.300993,1.37552
288.4,-0.00262637,-0.00723308,-1.9191
288.45,-0.00261719,-0.00723918,-1.91771
288.5,-0.00260925,-0.00724486,-1.91649
288.55,-0.00260241,-0.00725002,-1.91542
288.6,-0.0025998,-0.00725386,-1.91494
288.65,-0.00260001,-0.00725669,-1.91484
288.7,-0.00260186,-0.00725887,-1.91497
288.75,0.0564511,0.265092,1.36098
288.8,0.0557211,0.269506,1.36692
288.85,0.0621945,0.309226,1.37231
288.9,0.0513572,0.293941,1.39782
288.95,0.0525252,0.311724,1.40387
289,0.0499214,0.328256,1.41987
289.05,0.0414274,0.321354,1.44259
289.1,-0.00259255,-0.00728493,-1.9127
289.15,-0.00258382,-0.00729087,-1.91138
289.2,-0.00257528,-0.00729677,-1.91008
289.25,-0.00256605,-0.00730272,-1.9087
289.3,-0.00255782,-0.00730842,-1.90746
289.35,-0.00255062,-0.00731376,-1.90635
289.4,-0.00254452,-0.00731868,-1.9054
289.45,-0.00253918,-0.00732318,-1.90456
289.5,-0.00253502,-0.00732739,-1.90387
289.55,-0.00253163,-0.00733123,-1.9033
289.6,-0.00253029,-0.00733454,-1.90299
289.65,-0.00253122,-0.00733682,-1.90301
289.7,0.0354954,0.330804,1.4639
289.75,0.0316944,0.312096,1.46959
289.8,0.0334395,0.346279,1.47453
289.85,0.0214168,0.300697,1.49969
289.9,0.0192055,0.326876,1.51211
289.95,0.0116149,0.332123,1.53584
290,0.00556497,0.338001,1.55433
290.05,-0.00252217,-0.00736253,-1.90083
290.1,-0.00251427,-0.00736832,-1.89963
290.15,-0.00250627,-0.00737406,-1.89842
290.2,-0.00249782,-0.00737985,-1.89716
290.25,-0.00248935,-0.00738546,-1.8959
290.3,-0.00248265,-0.00739055,-1.89488
290.35,-0.00247743,-0.00739501,-1.89406
290.4,-0.00247416,-0.00739893,-1.8935
290.45,-0.00247366,-0.00740183,-1.89332
290.5,-0.00247586,-0.00740369,-1.89351
290.55,-0.00247839,-0.00740525,-1.89376
290.6,0.00232368,0.332174,1.5638
290.65,0.0521939,0.285749,1.39013
290.7,0.0518245,0.267678,1.37956
290.75,-0.00540373,0.395575,1.58446
290.8,0.0504283,0.297495,1.40288
290.85,0.0308514,0.322455,1.47541
290.9,0.0275217,0.319935,1.48498
290.95,0.0180282,0.325038,1.51539
291,0.0180548,0.281603,1.50677
291.05,0.0157191,0.314986,1.52093
291.1,0.0530454,0.266665,1.37444
291.15,0.0928405,0.227785,1.18377
291.2,0.0823711,0.212336,1.20074
291.25,-0.00245567,-0.0074529,-1.88909
291.3,0.0748294,0.207738,1.22505
291.35,-0.00243995,-0.00746378,-1.88675
291.4,0.073572,0.208568,1.23168
291.45,0.0762475,0.211775,1.2252
291.5,-0.00243044,-0.00747435,-1.88518
291.55,-0.00242756,-0.00747757,-1.88471
291.6,-0.00242355,-0.00748126,-1.88408
291.65,-0.00241958,-0.00748495,-1.88345
291.7,0.0708499,0.216752,1.25487
291.75,-0.00241273,-0.0074919,-1.88235
291.8,-0.00240971,-0.00749527,-1.88186
291.85,-0.00240978,-0.00749739,-1.88178
291.9,-0.00241004,-0.00749954,-1.88173
291.95,-0.00241011,-0.00750163,-1.88166
292,-0.00241043,-0.00750379,-1.88161
292.05,-0.00241161,-0.00750574,-1.88168
292.1,-0.00241433,-0.00750721,-1.88195
292.15,-0.00241702,-0.00750869,-1.88222
292.2,0.0785817,0.215857,1.22166
292.25,0.0746219,0.207569,1.22568
292.3,0.076818,0.216263,1.22949
292.35,0.0736841,0.221634,1.24983
292.4,0.0747413,0.240042,1.26894
292.45,0.0642059,0.217501,1.28375
292.5,0.0672156,0.245002,1.30304
292.55,0.0576161,0.230503,1.32586
292.6,0.0552122,0.227703,1.33291
292.65,-0.00239979,-0.00753747,-1.87903
292.7,-0.00239242,-0.00754183,-1.87798
292.75,-0.00238515,-0.007546,-1.87694
292.8,-0.00237836,-0.00755019,-1.87596
292.85,-0.00237158,-0.00755435,-1.87499
292.9,-0.00236461,-0.0075585,-1.87399
292.95,-0.00235752,-0.00756263,-1.87298
293,-0.00235051,-0.00756669,-1.87199
293.05,-0.00234349,-0.00757075,-1.87099
293.1,-0.00233653,-0.00757476,-1.87
293.15,-0.00232933,-0.00757865,-1.86899
293.2,-0.0023229,-0.00758235,-1.86807
293.25,-0.00231765,-0.00758556,-1.86732
293.3,-0.00231505,-0.00758815,-1.86691
293.35,-0.00231547,-0.00759005,-1.8669
293.4,-0.00231813,-0.00759136,-1.86717
293.45,-0.00232061,-0.00759258,-1.86742
293.5,-0.00232327,-0.00759385,-1.86769
293.55,0.0416521,0.214892,1.37934
293.6,0.0445133,0.230127,1.37973
293.65,0.0433933,0.235906,1.38889
293.7,0.0400664,0.250369,1.41211
293.75,0.0318055,0.231257,1.43412
293.8,0.0326465,0.254662,1.4433
293.85,0.0273868,0.264375,1.46757
293.9,0.0207481,0.245813,1.48659
293.95,-0.00230301,-0.0076105,-1.86465
294,0.194011,-0.136916,-0.61455
294.05,0.207169,-0.144661,-0.609567
294.1,0.206129,-0.149473,-0.627401
294.15,0.21188,-0.159165,-0.64427
294.2,0.220064,-0.172195,-0.663964
294.25,0.210848,-0.174303,-0.690796
294.3,0.204184,-0.17801,-0.717022
294.35,0.174518,-0.113031,-0.574738
294.4,0.173537,-0.110376,-0.566495
294.45,0.146436,-0.0566299,-0.369008
294.5,0.160463,-0.117307,-0.631266
294.55,0.131772,-0.023587,-0.177123
294.6,0.147467,-0.0639532,-0.409197
294.65,0.135935,-0.0528116,-0.370558
294.7,0.137781,-0.0586327,-0.402337
294.75,0.0620052,0.0627246,0.791166
294.8,-0.00253638,0.167179,1.58597
294.85,-0.0615156,0.290341,1.77958
294.9,-0.0754191,0.308043,1.81091
294.95,-0.0841956,0.286624,1.85651
295,-0.077403,0.331591,1.80012
295.05,-0.049729,0.19734,1.81765
295.1,-0.0807254,0.37179,1.7846
295.15,-0.0610721,0.195154,1.87408
295.2,-0.100744,0.291492,1.90356
295.25,-0.0625456,0.248905,1.81698
295.3,-0.0428704,0.215133,1.76749
295.35,-0.0155142,0.175638,1.6589
295.4,0.0930428,0.0211808,0.223831
295.45,0.0706242,0.0839431,0.871355
295.5,0.092516,0.0270386,0.28434
295.55,0.0913668,0.00331907,0.0363109
295.6,0.0811382,0.0208069,0.251028
295.65,0.0791121,0.0425011,0.492983
295.7,0.0749031,0.0487442,0.576912
295.75,0.0694735,0.0748169,0.822413
295.8,0.0985054,-0.0188075,-0.188658
295.85,0.050933,0.122896,1.1779
295.9,0.0706687,0.0578334,0.685845
295.95,0.0729255,0.064191,0.721783
296,0.043476,0.141505,1.27271
296.05,0.0734994,0.0364582,0.46047
296.1,0.0700119,0.0530672,0.648585
296.15,0.0591032,0.0776916,0.920456
296.2,0.0716563,0.0447995,0.558743
296.25,0.0786634,0.0126439,0.159372
296.3,0.0963203,-0.0242508,-0.246646
296.35,0.102953,-0.0435127,-0.399874
296.4,0.110056,-0.0610511,-0.506467
296.45,0.0967259,-0.0290673,-0.291927
296.5,0.0992849,-0.0489507,-0.458058
296.55,0.0754269,0.00644675,0.085263
296.6,0.0767388,-0.00225958,-0.0294366
296.65,0.0528904,0.0791515,0.981721
296.7,0.00594081,0.257983,1.54777
296.75,-0.0985011,0.371779,1.82979
296.8,-0.10903,0.330489,1.88946
296.85,-0.116149,0.364726,1.8791
296.9,-0.127208,0.374154,1.89852
296.95,-0.142793,0.384035,1.92678
297,-0.130799,0.379434,1.90276
297.05,-0.134392,0.510287,1.82831
297.1,-0.0791821,0.340768,1.79911
297.15,-0.0515185,0.256169,1.76926
297.2,-0.0120919,0.152548,1.6499
297.25,-0.00161271,0.11265,1.58511
297.3,0.0101037,0.0800884,1.4453
297.35,0.0162356,0.0625704,1.31692
297.4,0.0351319,0.0192405,0.501049
297.45,0.068484,-0.0499305,-0.629979
297.5,0.145107,-0.201232,-0.946055
297.55,0.169557,-0.254097,-0.98236
297.6,0.164838,-0.257662,-1.00166
297.65,0.164497,-0.272826,-1.02822
297.7,0.159909,-0.280895,-1.05327
297.75,0.149279,-0.27698,-1.07647
297.8,0.138929,-0.268574,-1.09342
297.85,0.100284,-0.177181,-1.05575
297.9,0.0606647,-0.086714,-0.960342
297.95,0.00691492,0.0328643,1.36341
298,0.0144025,0.0154194,0.819483
298.05,-0.0621367,0.195166,1.87903
298.1,-0.0563003,0.168392,1.89345
298.15,-0.0377323,0.114854,1.88821
298.2,-0.0251978,0.0761241,1.89045
298.25,0.0154725,-0.00945532,-0.548545
298.3,0.0811443,-0.137571,-1.03789
298.35,0.115517,-0.221512,-1.0901
298.4,0.111533,-0.230624,-1.12035
298.45,0.0826114,-0.17811,-1.13651
298.5,0.05739,-0.12406,-1.13751
298.55,-0.000308233,0.0108919,1.59909
298.6,-0.092452,0.211109,1.98357
298.65,-0.183263,0.398608,2.00173
298.7,-0.218764,0.430927,2.04055
298.75,-0.207304,0.386045,2.0636
298.8,-0.150669,0.28146,2.06229
298.85,-0.0352153,0.0629224,2.08103
298.9,0.0743749,-0.159055,-1.1334
298.95,0.123291,-0.269953,-1.14237
299,0.116517,-0.270202,-1.16367
299.05,0.109602,-0.269692,-1.18479
299.1,0.108455,-0.276767,-1.19732
299.15,0.0948258,-0.240815,-1.19567
299.2,-0.0961195,0.20076,2.01732
299.25,-0.121667,0.242176,2.03636
299.3,-0.158425,0.293023,2.06644
299.35,-0.164587,0.281861,2.09931
299.4,-0.135087,0.226561,2.10845
299.45,-0.126538,0.209392,2.11438
299.5,-0.00168685,-0.00775261,-1.78504
299.55,-0.00167889,-0.00775381,-1.78403
299.6,-0.00167027,-0.00775477,-1.78294
299.65,-0.00166322,-0.0077557,-1.78205
299.7,-0.0016582,-0.00775593,-1.78142
299.75,-0.00165589,-0.00775613,-1.78113
299.8,-0.00165465,-0.00775591,-1.78099
299.85,-0.00165409,-0.00775585,-1.78092
299.9,-0.00165294,-0.00775562,-1.78078
299.95,-0.112867,0.193837,2.09808
300,-0.123282,0.204094,2.11419
300.05,-0.145941,0.233746,2.12893
300.1,-0.156775,0.241276,2.14701
300.15,-0.147289,0.224211,2.15202
300.2,-0.138598,0.208604,2.15723
300.25,-0.0016366,-0.007756,-1.77876
300.3,-0.00162851,-0.00775681,-1.77774
300.35,-0.00162087,-0.00775771,-1.77677
300.4,-0.00161448,-0.00775817,-1.77597
300.45,-0.00161164,-0.00775839,-1.77561
300.5,-0.00161062,-0.00775802,-1.7755
300.55,-0.00161007,-0.00775794,-1.77543
300.6,-0.00160893,-0.00775771,-1.77529
300.65,-0.129639,0.198494,2.14936
300.7,-0.14849,0.217418,2.17
300.75,-0.158315,0.228692,2.17631
300.8,-0.167523,0.233048,2.19405
300.85,-0.162776,0.220622,2.20645
300.9,-0.157243,0.211275,2.21061
300.95,-0.0015936,-0.00775761,-1.7734
301,-0.00158569,-0.00775822,-1.77241
301.05,-0.00157803,-0.00775895,-1.77144
301.1,-0.00157143,-0.0077593,-1.77062
301.15,-0.00156871,-0.00775945,-1.77028
301.2,-0.00156756,-0.00775921,-1.77014
301.25,-0.00156702,-0.00775912,-1.77007
301.3,-0.00156604,-0.00775874,-1.76996
301.35,-0.131602,0.181192,2.19896
301.4,-0.144125,0.197592,2.20099
301.45,-0.155349,0.207782,2.21279
301.5,-0.165807,0.212008,2.23451
301.55,-0.152744,0.187486,2.25443
301.6,-0.00155361,-0.00775812,-1.76844
301.65,-0.00154674,-0.00775866,-1.76757
301.7,-0.00153878,-0.00775903,-1.76658
301.75,-0.00153266,-0.0077594,-1.76581
301.8,-0.00152803,-0.00775931,-1.76524
301.85,-0.00152579,-0.00775935,-1.76496
301.9,-0.00152436,-0.00775912,-1.76479
301.95,-0.00152382,-0.00775903,-1.76472
302,-0.00152269,-0.00775878,-1.76459
302.05,-0.00152216,-0.00775869,-1.76452
302.1,-0.143074,0.180434,2.24122
302.15,-0.174009,0.212347,2.25729
302.2,-0.167437,0.198915,2.27048
302.25,-0.175147,0.202926,2.28285
302.3,-0.167933,0.190372,2.29365
302.35,-0.172909,0.196581,2.29221
302.4,-0.00150393,-0.00775779,-1.76228
302.45,-0.00149657,-0.00775812,-1.76136
302.5,-0.00148879,-0.00775823,-1.76039
302.55,-0.00148318,-0.00775838,-1.75969
302.6,-0.00147938,-0.00775811,-1.75922
302.65,-0.00147855,-0.00775802,-1.75912
302.7,-0.00147738,-0.00775777,-1.75898
302.75,-0.00147687,-0.00775767,-1.75892
302.8,-0.00147576,-0.00775742,-1.75879
302.85,-0.00147526,-0.00775731,-1.75873
302.9,-0.00147416,-0.00775706,-1.7586
302.95,-0.00147366,-0.00775695,-1.75854
303,-0.162253,0.184951,2.29092
303.05,-0.170334,0.187253,2.30892
303.1,-0.192803,0.205403,2.32456
303.15,-0.184788,0.189239,2.3443
303.2,-0.182641,0.187652,2.34266
303.25,-0.171956,0.176468,2.34325
303.3,-0.00145502,-0.00775534,-1.75626
303.35,-0.00144734,-0.00775542,-1.7553
303.4,-0.00143946,-0.00775527,-1.75432
303.45,-0.00143413,-0.00775522,-1.75366
303.5,-0.00143098,-0.00775498,-1.75327
303.55,-0.00143025,-0.00775487,-1.75318
303.6,-0.00142891,-0.00775448,-1.75302
303.65,-0.00142801,-0.00775437,-1.75291
303.7,-0.00142652,-0.00775411,-1.75273
303.75,-0.00142565,-0.00775399,-1.75263
303.8,-0.00142419,-0.00775373,-1.75245
303.85,-0.00142334,-0.00775362,-1.75235
303.9,-0.167364,0.170976,2.34552
303.95,-0.174293,0.174313,2.35614
304,-0.188481,0.182005,2.37367
304.05,-0.186761,0.176774,2.38366
304.1,-0.185339,0.169363,2.40121
304.15,-0.0014092,-0.00775165,-1.75063
304.2,-0.00140209,-0.0077513,-1.74975
304.25,-0.0013953,-0.00775104,-1.7489
304.3,-0.00138916,-0.00775064,-1.74814
304.35,-0.0013854,-0.00775043,-1.74768
304.4,-0.00138211,-0.00775009,-1.74728
304.45,-0.00138126,-0.00774996,-1.74717
304.5,-0.0013799,-0.00774969,-1.74701
304.55,-0.00137906,-0.00774955,-1.74691
304.6,-0.00137785,-0.00774913,-1.74676
304.65,-0.00137708,-0.007749,-1.74667
304.7,-0.0013757,-0.00774871,-1.7465
304.75,-0.174785,0.164096,2.38773
304.8,-0.169398,0.152581,2.40838
304.85,-0.17409,0.153965,2.41746
304.9,-0.181588,0.15578,2.43255
304.95,-0.00136634,-0.00774687,-1.74537
305,-0.00136006,-0.00774632,-1.7446
305.05,-0.00135404,-0.00774585,-1.74386
305.1,-0.0013495,-0.00774521,-1.7433
305.15,-0.0467936,0.219669,1.78068
305.2,-0.00134611,-0.0077441,-1.7429
305.25,-0.00134565,-0.007744,-1.74285
305.3,-0.0472772,0.214237,1.78799
305.35,-0.00134449,-0.00774304,-1.74272
305.4,-0.0446824,0.220366,1.77085
305.45,-0.00134354,-0.00774212,-1.74262
305.5,-0.00134199,-0.00774185,-1.74243
305.55,-0.00134141,-0.00774171,-1.74236
305.6,-0.00134014,-0.00774142,-1.74221
305.65,-0.00133951,-0.00774127,-1.74213
305.7,-0.0378678,0.21927,1.74181
305.75,-0.117849,0.197345,2.10913
305.8,-0.0893815,0.1937,2.00312
305.85,-0.0815717,0.210721,1.94014
305.9,-0.0512775,0.22745,1.79253
305.95,-0.0577928,0.241246,1.80593
306,-0.0653289,0.222556,1.85631
306.05,-0.0668833,0.223252,1.86187
306.1,-0.00131052,-0.00773663,-1.7386
306.15,-0.00130325,-0.007736,-1.7377
306.2,-0.00129499,-0.00773516,-1.73667
306.25,-0.00128807,-0.00773453,-1.73582
306.3,-0.0012826,-0.00773391,-1.73514
306.35,-0.00127894,-0.00773352,-1.73469
306.4,-0.00127643,-0.00773314,-1.73438
306.45,-0.00127555,-0.00773297,-1.73427
306.5,-0.00127429,-0.00773254,-1.73412
306.55,-0.00127366,-0.00773239,-1.73405
306.6,-0.0561118,0.215035,1.82605
306.65,-0.0586477,0.214531,1.83765
306.7,-0.0549495,0.21454,1.82153
306.75,-0.0623812,0.216514,1.85132
306.8,-0.0647913,0.213842,1.86499
306.85,-0.00126224,-0.0077298,-1.73266
306.9,-0.00125554,-0.00772903,-1.73183
306.95,-0.00124895,-0.00772832,-1.73102
307,-0.00124225,-0.00772752,-1.73019
307.05,-0.0012376,-0.00772699,-1.72961
307.1,-0.00123487,-0.00772656,-1.72928
307.15,-0.00123417,-0.0077264,-1.72919
307.2,-0.0683848,0.211972,1.88287
307.25,-0.00123286,-0.00772539,-1.72905
307.3,-0.0674879,0.212527,1.87827
307.35,-0.00123149,-0.00772441,-1.72889
307.4,-0.00123037,-0.00772401,-1.72876
307.45,-0.00122956,-0.00772384,-1.72866
307.5,-0.0708864,0.218357,1.8847
307.55,-0.0702588,0.236673,1.85937
307.6,-0.0710526,0.217453,1.88661
307.65,-0.0012253,-0.00772219,-1.72816
307.7,-0.00122079,-0.00772155,-1.7276
307.75,-0.0787195,0.208629,1.9316
307.8,-0.00121283,-0.00771975,-1.72663
307.85,-0.0730562,0.207273,1.90966
307.9,-0.0735175,0.210099,1.9074
307.95,-0.0734805,0.205968,1.91348
308,-0.00120782,-0.00771804,-1.72603
308.05,-0.0012036,-0.0077175,-1.72551
308.1,-0.00119767,-0.00771668,-1.72477
308.15,-0.0837739,0.204594,1.95943
308.2,-0.00119184,-0.00771513,-1.72407
308.25,-0.00119125,-0.00771502,-1.72399
308.3,-0.00119011,-0.00771457,-1.72386
308.35,-0.00118927,-0.00771438,-1.72375
308.4,-0.0751822,0.208109,1.91747
308.45,-0.0779854,0.216779,1.91613
308.5,-0.0813068,0.215029,1.9323
308.55,-0.0870298,0.213395,1.95804
308.6,-0.00118011,-0.00771192,-1.72264
308.65,-0.0011744,-0.00771116,-1.72193
308.7,-0.00116718,-0.00771013,-1.72104
308.75,-0.08514,0.201644,1.97032
308.8,-0.00115783,-0.0077081,-1.71989
308.85,-0.0011565,-0.0077079,-1.71973
308.9,-0.00115441,-0.0077075,-1.71947
308.95,-0.00115295,-0.00770723,-1.71929
309,-0.00115136,-0.00770689,-1.71909
309.05,-0.00115038,-0.00770668,-1.71897
309.1,-0.0842867,0.211863,1.94944
309.15,-0.00114863,-0.00770556,-1.71877
309.2,-0.00114718,-0.00770527,-1.71859
309.25,-0.0870743,0.21101,1.96216
309.3,-0.00114547,-0.00770415,-1.7184
309.35,-0.00114471,-0.00770401,-1.7183
309.4,-0.085751,0.205343,1.96638
309.45,-0.0843879,0.202396,1.96582
309.5,-0.0868925,0.204328,1.97289
309.55,-0.0955178,0.197071,2.02212
309.6,-0.00113479,-0.0077011,-1.7171
309.65,-0.00112878,-0.00770017,-1.71635
309.7,-0.00112133,-0.00769896,-1.71543
309.75,-0.0011157,-0.00769806,-1.71473
309.8,-0.00111145,-0.00769731,-1.7142
309.85,-0.00110981,-0.007697,-1.714
309.9,-0.00110821,-0.00769664,-1.7138
309.95,-0.0925132,0.201209,2.00176
310,-0.00110638,-0.00769549,-1.71359
310.05,-0.0965688,0.209437,2.00283
310.1,-0.0945455,0.211191,1.99172
310.15,-0.094051,0.207546,1.99627
310.2,-0.00110068,-0.00769339,-1.7129
310.25,-0.0010971,-0.00769276,-1.71246
310.3,-0.101181,0.201658,2.03584
310.35,-0.00108789,-0.00769037,-1.71133
310.4,-0.00108586,-0.00768997,-1.71107
310.45,-0.00108405,-0.00768959,-1.71085
310.5,-0.00108207,-0.00768915,-1.7106
310.55,-0.00108109,-0.00768891,-1.71048
310.6,-0.095955,0.200951,2.01629
310.65,-0.10068,0.211172,2.01569
310.7,-0.104278,0.213868,2.02446
310.75,-0.103531,0.204858,2.03874
310.8,-0.109524,0.207342,2.05677
310.85,-0.00106549,-0.00768487,-1.70857
310.9,-0.00105766,-0.00768345,-1.70759
310.95,-0.00104979,-0.00768204,-1.70661
311,-0.00104245,-0.0076807,-1.7057
311.05,-0.00103809,-0.00767989,-1.70515
311.1,-0.00103528,-0.00767931,-1.7048
311.15,-0.00103425,-0.00767906,-1.70468
311.2,-0.00103266,-0.00767868,-1.70448
311.25,-0.00103185,-0.00767847,-1.70438
311.3,-0.00103056,-0.00767814,-1.70422
311.35,-0.0010299,-0.00767795,-1.70414
311.4,-0.00102847,-0.00767759,-1.70396
311.45,-0.00102775,-0.00767738,-1.70387
311.5,-0.00102642,-0.00767704,-1.70371
311.55,-0.105408,0.20245,2.05084
311.6,-0.111593,0.204853,2.0696
311.65,-0.112298,0.204733,2.07249
311.7,-0.107722,0.193711,2.07831
311.75,-0.115675,0.19914,2.09703
311.8,-0.11881,0.199038,2.10895
311.85,-0.00100613,-0.00767135,-1.70121
311.9,-0.000997481,-0.00766933,-1.70013
311.95,-0.000989092,-0.0076675,-1.69909
312,-0.000981329,-0.00766582,-1.69812
312.05,-0.000976291,-0.00766469,-1.69749
312.1,-0.000972224,-0.00766376,-1.69698
312.15,-0.000970767,-0.0076634,-1.6968
312.2,-0.000969584,-0.00766308,-1.69665
312.25,-0.000968998,-0.0076629,-1.69658
312.3,-0.000967818,-0.00766258,-1.69644
312.35,-0.000967236,-0.00766239,-1.69636
312.4,-0.000966062,-0.00766207,-1.69622
312.45,-0.000965485,-0.00766187,-1.69615
312.5,-0.120853,0.199831,2.11472
312.55,-0.000964599,-0.00766065,-1.69605
312.6,-0.117656,0.188466,2.12888
312.65,-0.000962826,-0.00765941,-1.69585
312.7,-0.124279,0.197255,2.13301
312.75,-0.122185,0.199614,2.12007
312.8,-0.126959,0.198793,2.13915
312.85,-0.124714,0.192849,2.14484
312.9,-0.126283,0.18927,2.15918
312.95,-0.128076,0.190203,2.16342
313,-0.12946,0.193202,2.16116
313.05,-0.130598,0.18382,2.18851
313.1,-0.000934471,-0.00765042,-1.69234
313.15,-0.00092627,-0.00764825,-1.69132
313.2,-0.000917302,-0.0076459,-1.6902
313.25,-0.000910223,-0.00764403,-1.68931
313.3,-0.000905605,-0.00764282,-1.68874
313.35,-0.000904563,-0.00764251,-1.68861
313.4,-0.000903103,-0.00764211,-1.68843
313.45,-0.000902145,-0.00764181,-1.68831
313.5,-0.00090096,-0.00764148,-1.68816
313.55,-0.000900383,-0.00764127,-1.68809
313.6,-0.000899216,-0.00764094,-1.68794
313.65,-0.000898644,-0.00764074,-1.68787
313.7,-0.000897481,-0.00764041,-1.68773
313.75,-0.000896915,-0.0076402,-1.68766
313.8,-0.000895757,-0.00763987,-1.68751
313.85,-0.134107,0.194973,2.1733
313.9,-0.137434,0.200037,2.17277
313.95,-0.134622,0.181025,2.21023
314,-0.14643,0.19693,2.21016
314.05,-0.148168,0.192581,2.22658
314.1,-0.137479,0.178642,2.22671
314.15,-0.000878466,-0.00763342,-1.68537
314.2,-0.000869587,-0.00763072,-1.68427
314.25,-0.000861619,-0.00762822,-1.68327
314.3,-0.000854477,-0.00762605,-1.68238
314.35,-0.000850738,-0.00762485,-1.68191
314.4,-0.000848503,-0.00762419,-1.68163
314.45,-0.000847908,-0.00762396,-1.68156
314.5,-0.000846744,-0.00762363,-1.68141
314.55,-0.000846175,-0.00762341,-1.68134
314.6,-0.000845017,-0.00762307,-1.6812
314.65,-0.000844453,-0.00762286,-1.68113
314.7,-0.0008433,-0.00762252,-1.68098
314.75,-0.145289,0.190354,2.22273
314.8,-0.149241,0.188676,2.24002
314.85,-0.146918,0.182012,2.2499
314.9,-0.154884,0.191481,2.25093
314.95,-0.150179,0.185508,2.25134
315,-0.141191,0.173588,2.25364
315.05,-0.000828505,-0.00761623,-1.67915
315.1,-0.0008203,-0.00761346,-1.67813
315.15,-0.000812427,-0.00761069,-1.67714
315.2,-0.000805569,-0.00760838,-1.67628
315.25,-0.000801436,-0.00760692,-1.67577
315.3,-0.000799038,-0.00760615,-1.67546
315.35,-0.000798469,-0.00760592,-1.67539
315.4,-0.000797497,-0.00760546,-1.67527
315.45,-0.000796933,-0.00760524,-1.6752
315.5,-0.000795781,-0.00760489,-1.67506
315.55,-0.000795222,-0.00760467,-1.67499
315.6,-0.148355,0.182423,2.25356
315.65,-0.000794161,-0.00760348,-1.67487
315.7,-0.15446,0.179957,2.2801
315.75,-0.166533,0.190187,2.28998
315.8,-0.154472,0.177,2.28834
315.85,-0.171458,0.188988,2.3076
315.9,-0.156553,0.172334,2.30825
315.95,-0.000780741,-0.00759749,-1.6732
316,-0.000773234,-0.00759468,-1.67226
316.05,-0.000765668,-0.0075917,-1.67131
316.1,-0.000759087,-0.00758923,-1.67049
316.15,-0.000755783,-0.00758792,-1.67007
316.2,-0.000754463,-0.00758751,-1.66991
316.25,-0.000753902,-0.00758727,-1.66984
316.3,-0.000752939,-0.00758681,-1.66972
316.35,-0.000752383,-0.00758657,-1.66965
316.4,-0.00075124,-0.00758622,-1.6695
316.45,-0.000750689,-0.00758598,-1.66943
316.5,-0.158967,0.174237,2.3104
316.55,-0.161915,0.174624,2.31845
316.6,-0.174962,0.183264,2.33302
316.65,-0.165363,0.169168,2.34482
316.7,-0.000740603,-0.00758104,-1.66818
316.75,-0.000734376,-0.00757841,-1.6674
316.8,-0.000726863,-0.00757533,-1.66645
316.85,-0.000720508,-0.00757263,-1.66566
316.9,-0.000714897,-0.00757038,-1.66495
316.95,-0.000710946,-0.0075687,-1.66445
317,-0.000708748,-0.0075679,-1.66418
317.05,-0.000708008,-0.00756758,-1.66408
317.1,-0.000706558,-0.00756709,-1.6639
317.15,-0.000705604,-0.00756666,-1.66378
317.2,-0.000704072,-0.00756613,-1.66358
317.25,-0.000703144,-0.0075657,-1.66347
317.3,-0.000701645,-0.00756517,-1.66328
317.35,-0.177893,0.176448,2.36027
317.4,-0.177725,0.172439,2.37129
317.45,-0.177102,0.167948,2.38272
317.5,-0.177774,0.163295,2.39862
317.55,-0.000691478,-0.00755964,-1.66201
317.6,-0.000685355,-0.00755673,-1.66124
317.65,-0.000678679,-0.00755353,-1.6604
317.7,-0.000671966,-0.00755051,-1.65956
317.75,-0.000667709,-0.0075485,-1.65902
317.8,-0.000664337,-0.00754707,-1.6586
317.85,-0.00066274,-0.00754631,-1.65839
317.9,-0.000661248,-0.00754578,-1.6582
317.95,-0.000660359,-0.00754535,-1.65809
318,-0.000658887,-0.00754481,-1.65791
318.05,-0.000657964,-0.00754436,-1.65779
318.1,-0.182799,0.167214,2.40069
318.15,-0.188094,0.16826,2.41179
318.2,-0.191869,0.164928,2.43156
318.25,-0.184382,0.159157,2.42949
318.3,-0.000648141,-0.00753884,-1.65656
318.35,-0.000643154,-0.00753628,-1.65593
318.4,-0.000636388,-0.00753294,-1.65508
318.45,-0.000630674,-0.00752997,-1.65436
318.5,-0.000626025,-0.00752755,-1.65377
318.55,-0.000623683,-0.00752634,-1.65347
318.6,-0.000621587,-0.00752546,-1.65321
318.65,-0.000620077,-0.00752467,-1.65302
318.7,-0.000617992,-0.00752378,-1.65275
318.75,-0.000616504,-0.00752299,-1.65256
318.8,-0.000614755,-0.00752226,-1.65234
318.85,-0.18968,0.158393,2.44584
318.9,-0.200668,0.164382,2.45527
318.95,-0.199744,0.161878,2.46052
319,-0.19279,0.149193,2.48299
319.05,-0.000603724,-0.00751545,-1.65096
319.1,-0.0005968,-0.00751181,-1.65008
319.15,-0.000589882,-0.00750791,-1.6492
319.2,-0.00058427,-0.007505,-1.64849
319.25,-0.000581853,-0.00750367,-1.64818
319.3,-0.000580433,-0.00750312,-1.648
319.35,-0.000579566,-0.00750265,-1.64789
319.4,-0.000578092,-0.00750206,-1.6477
319.45,-0.000577287,-0.0075016,-1.6476
319.5,-0.17977,0.142584,2.47104
319.55,-0.186377,0.142358,2.48931
319.6,-0.203106,0.152515,2.49751
319.65,-0.188995,0.139192,2.5068
319.7,-0.000567643,-0.00749524,-1.64639
319.75,-0.000562411,-0.00749213,-1.64572
319.8,-0.000555553,-0.00748825,-1.64485
319.85,-0.000551266,-0.00748569,-1.64431
319.9,-0.000549001,-0.00748459,-1.64402
319.95,-0.000548136,-0.00748409,-1.64391
320,-0.000546691,-0.00748348,-1.64372
320.05,-0.000545838,-0.00748298,-1.64361
320.1,-0.000544413,-0.00748237,-1.64343
320.15,-0.186367,0.13494,2.5149
320.2,-0.196829,0.140258,2.52247
320.25,-0.202017,0.141474,2.53066
320.3,-0.201238,0.136319,2.54619
320.35,-0.000534869,-0.00747554,-1.64222
320.4,-0.000528194,-0.00747158,-1.64137
320.45,-0.000521517,-0.00746732,-1.64052
320.5,-0.000516021,-0.00746413,-1.63982
320.55,-0.000513301,-0.00746242,-1.63947
320.6,-0.000511563,-0.00746163,-1.63925
320.65,-0.000510885,-0.00746124,-1.63916
320.7,-0.000509525,-0.0074607,-1.63899
320.75,-0.000508768,-0.00746026,-1.63889
320.8,-0.000507502,-0.00745978,-1.63872
320.85,-0.196383,0.135153,2.53882
320.9,-0.192056,0.132077,2.53917
320.95,-0.202837,0.132496,2.56296
321,-0.190212,0.119561,2.58043
321.05,-0.00049734,-0.00745262,-1.63743
321.1,-0.000490581,-0.00744847,-1.63656
321.15,-0.000484229,-0.00744427,-1.63575
321.2,-0.000479511,-0.00744126,-1.63515
321.25,-0.000477539,-0.00744,-1.63489
321.3,-0.000476326,-0.00743957,-1.63474
321.35,-0.000475638,-0.00743919,-1.63465
321.4,-0.000474498,-0.00743882,-1.6345
321.45,-0.000473937,-0.00743852,-1.63442
321.5,-0.000472779,-0.00743811,-1.63427
321.55,-0.201951,0.131158,2.5656
321.6,-0.202192,0.126585,2.58223
321.65,-0.204923,0.126234,2.58949
321.7,-0.204043,0.121405,2.60486
321.75,-0.000463416,-0.00743059,-1.63308
321.8,-0.000456927,-0.00742618,-1.63225
321.85,-0.000450469,-0.00742153,-1.63142
321.9,-0.00044419,-0.0074175,-1.63061
321.95,-0.000440701,-0.00741499,-1.63016
322,-0.000437694,-0.00741306,-1.62977
322.05,-0.000435867,-0.0074117,-1.62954
322.1,-0.000434617,-0.00741123,-1.62937
322.15,-0.000434248,-0.00741092,-1.62933
322.2,-0.000433262,-0.00741041,-1.6292
322.25,-0.000433021,-0.00741019,-1.62917
322.3,-0.000431933,-0.00740983,-1.62902
322.35,-0.000431557,-0.0074095,-1.62897
322.4,-0.000430525,-0.00740894,-1.62884
322.45,-0.000430216,-0.00740865,-1.6288
322.5,-0.000429112,-0.00740827,-1.62866
322.55,-0.211253,0.120061,2.62479
322.6,-0.209849,0.117307,2.63186
322.65,-0.209611,0.117637,2.63018
322.7,-0.230482,0.117393,2.6705
322.75,-0.212536,0.108987,2.66776
322.8,-0.000414483,-0.0073963,-1.62678
322.85,-0.000407703,-0.00739106,-1.6259
322.9,-0.000399908,-0.00738554,-1.62489
322.95,-0.000395116,-0.00738183,-1.62427
323,-0.000391571,-0.00737958,-1.62381
323.05,-0.000390843,-0.00737895,-1.62371
323.1,-0.000389936,-0.00737872,-1.62359
323.15,-0.000389959,-0.00737867,-1.6236
323.2,-0.000389148,-0.00737851,-1.62349
323.25,-0.000389166,-0.00737845,-1.62349
323.3,-0.000388351,-0.00737829,-1.62338
323.35,-0.000388364,-0.00737823,-1.62338
323.4,-0.200829,0.108575,2.64597
323.45,-0.210451,0.109997,2.65997
323.5,-0.226055,0.114292,2.67348
323.55,-0.201004,0.102545,2.66985
323.6,-0.000379867,-0.0073714,-1.62228
323.65,-0.000373954,-0.00736655,-1.62152
323.7,-0.000367078,-0.00736146,-1.62062
323.75,-0.000363393,-0.00735839,-1.62014
323.8,-0.000361597,-0.00735742,-1.6199
323.85,-0.000361269,-0.00735708,-1.61986
323.9,-0.000360185,-0.0073567,-1.61972
323.95,-0.000359909,-0.0073564,-1.61968
324,-0.000358837,-0.00735602,-1.61954
324.05,-0.000358604,-0.00735576,-1.61951
324.1,-0.00035759,-0.00735542,-1.61937
324.15,-0.20522,0.100623,2.68572
324.2,-0.201393,0.0995308,2.68259
324.25,-0.211774,0.101616,2.69421
324.3,-0.202471,0.0958895,2.69929
324.35,-0.000868431,-0.0074114,-1.68744
324.4,-0.000861767,-0.00740554,-1.68664
324.45,-0.000855368,-0.0073993,-1.68589
324.5,-0.000849117,-0.00739354,-1.68514
324.55,-0.000847037,-0.00739141,-1.6849
324.6,-0.000845609,-0.00739074,-1.68472
324.65,-0.000845272,-0.00739035,-1.68468
324.7,-0.000844202,-0.00738974,-1.68454
324.75,-0.000843898,-0.00738937,-1.68451
324.8,-0.00084268,-0.00738889,-1.68435
324.85,-0.000842384,-0.00738853,-1.68432
324.9,-0.000841812,-0.00738746,-1.68426
324.95,-0.000839406,-0.00738519,-1.68397
325,-0.000832145,-0.00737865,-1.6831
325.05,-0.000825008,-0.00737103,-1.68226
325.1,-0.000817011,-0.00736327,-1.6813
325.15,-0.000809962,-0.00735555,-1.68047
325.2,-0.000802031,-0.00734765,-1.67952
325.25,-0.000795051,-0.0073398,-1.6787
325.3,-0.000787187,-0.00733178,-1.67775
325.35,-0.00078024,-0.00732375,-1.67693
325.4,-0.000772317,-0.00731544,-1.67598
325.45,-0.000765414,-0.00730724,-1.67516
325.5,-0.000757861,-0.00729883,-1.67426
325.55,-0.000751045,-0.0072905,-1.67345
325.6,-0.218127,0.0711739,2.82619
325.65,-0.000736621,-0.00727353,-1.67173
325.7,-0.000729612,-0.00726526,-1.67089
325.75,-0.000724742,-0.007259,-1.67031
325.8,-0.00071743,-0.00725077,-1.66942
325.85,-0.000710656,-0.00724203,-1.66861
325.9,-0.000703065,-0.00723323,-1.66769
325.95,-0.000696418,-0.00722442,-1.6669
326,-0.000688869,-0.00721547,-1.66598
326.05,-0.000682256,-0.00720649,-1.66519
326.1,-0.00067476,-0.00719738,-1.66427
326.15,-0.000668205,-0.00718825,-1.66349
326.2,-0.000660986,-0.00717894,-1.66261
326.25,-0.00065451,-0.00716969,-1.66183
326.3,-0.000647168,-0.00716035,-1.66093
326.35,-0.000640796,-0.00715102,-1.66017
326.4,-0.000633761,-0.00714152,-1.65931
326.45,-0.000627476,-0.00713209,-1.65855
326.5,-0.000620354,-0.00712261,-1.65767
326.55,-0.000614244,-0.00711322,-1.65694
326.6,-0.00060721,-0.00710366,-1.65607
326.65,-0.000601173,-0.00709417,-1.65534
326.7,-0.000594258,-0.00708459,-1.65448
326.75,-0.000588293,-0.00707498,-1.65376
326.8,-0.000581656,-0.00706523,-1.65294
326.85,-0.000575768,-0.00705552,-1.65222
326.9,-0.000569008,-0.00704575,-1.65138
326.95,-0.000563216,-0.00703597,-1.65067
327,-0.000556755,-0.00702604,-1.64987
327.05,-0.000551017,-0.00701616,-1.64917
327.1,-0.000544386,-0.00700623,-1.64834
327.15,-0.000538703,-0.00699625,-1.64764
327.2,-0.000532152,-0.00698621,-1.64682
327.25,-0.000526553,-0.00697612,-1.64613
327.3,-0.000520085,-0.00696597,-1.64532
327.35,-0.000514559,-0.00695578,-1.64464
327.4,-0.000508378,-0.00694546,-1.64386
327.45,-0.000502966,-0.00693515,-1.64319
327.5,-0.000496684,-0.0069248,-1.6424
327.55,-0.000491353,-0.00691439,-1.64174
327.6,-0.000485357,-0.00690386,-1.64098
327.65,-0.00048011,-0.00689334,-1.64033
327.7,-0.000473995,-0.00688278,-1.63955
327.75,-0.000468833,-0.00687215,-1.63891
327.8,-0.000462805,-0.00686148,-1.63814
327.85,-0.00045773,-0.00685075,-1.63751
327.9,-0.000451774,-0.00683994,-1.63675
327.95,-0.000446788,-0.00682907,-1.63613
328,-0.00044093,-0.00681814,-1.63538
328.05,-0.000436017,-0.00680709,-1.63476
328.1,-0.000430265,-0.00679605,-1.63402
328.15,-0.000425469,-0.00678489,-1.63342
328.2,-0.000419827,-0.00677371,-1.6327
328.25,-0.000415161,-0.00676246,-1.63211
328.3,-0.000409617,-0.00675113,-1.6314
328.35,-0.000404152,-0.00673978,-1.63069
328.4,-0.000398751,-0.00672838,-1.62999
328.45,-0.000393419,-0.00671695,-1.6293
328.5,-0.000388164,-0.00670547,-1.62862
328.55,-0.000382968,-0.0066939,-1.62795
328.6,-0.000377853,-0.00668231,-1.62728
328.65,-0.000372813,-0.00667066,-1.62663
328.7,-0.00036787,-0.0066589,-1.62599
328.75,-0.000363136,-0.00664702,-1.62537
328.8,-0.000358506,-0.00663506,-1.62478
328.85,-0.000353963,-0.00662296,-1.62419
328.9,-0.000349902,-0.0066106,-1.62368
328.95,-0.000347343,-0.00659739,-1.6234
329,-0.000346195,-0.0065834,-1.62333
329.05,-0.000345945,-0.00656894,-1.62341
329.1,-0.000346733,-0.00655394,-1.62365
329.15,-0.000348727,-0.0065383,-1.62408
329.2,-0.00035214,-0.00652198,-1.62474
329.25,-0.000357198,-0.00650482,-1.62565
329.3,-0.000364179,-0.00648673,-1.62688
329.35,-0.000373401,-0.00646758,-1.62847
329.4,-0.000385212,-0.00644723,-1.63047
329.45,-0.000400032,-0.00642551,-1.63297
329.5,-0.000418323,-0.00640224,-1.63604
329.55,-0.000440612,-0.00637726,-1.63978
329.6,-0.000467506,-0.0063503,-1.64428
329.65,-0.000499702,-0.00632116,-1.64968
329.7,-0.000538034,-0.00628951,-1.65613
329.75,-0.000583471,-0.00625508,-1.66381
329.8,-0.000636859,-0.00621756,-1.67287
329.85,-0.000683205,-0.00618382,-1.68083
329.9,-0.00073572,-0.00614798,-1.6899
329.95,-0.000806346,-0.00610488,-1.70212
330,-0.000901108,-0.00605213,-1.7186
330.05,-0.0010101,-0.00599435,-1.73774
330.1,-0.00113482,-0.00593114,-1.75984
330.15,-0.00126796,-0.00586578,-1.78368
330.2,-0.00142958,-0.0057901,-1.81286
330.25,-0.00161345,-0.00570703,-1.84632
330.3,-0.00182243,-0.00561573,-1.8846
330.35,-0.00206317,-0.00551392,-1.92884
330.4,-0.00231491,-0.00541017,-1.97511
330.45,-0.00255809,-0.00531276,-2.01953
330.5,-0.00281374,-0.0052113,-2.06588
330.55,-0.00305803,-0.00511267,-2.10984
330.6,-0.00328223,-0.00502097,-2.14977
330.65,-0.00339589,-0.00497391,-2.16984
330.7,-0.00341679,-0.00496518,-2.17353
330.75,-0.00342602,-0.00496127,-2.17515
330.8,-0.00343499,-0.00495744,-2.17674
330.85,-0.00344359,-0.00495372,-2.17826
330.9,-0.00345179,-0.00495014,-2.17971
330.95,-0.00345953,-0.00494671,-2.18109
331,-0.00346681,-0.00494344,-2.18239
331.05,-0.00347363,-0.00494034,-2.18361
331.1,-0.00347996,-0.0049374,-2.18475
331.15,-0.0034858,-0.00493465,-2.1858
331.2,-0.00349117,-0.00493205,-2.18677
331.25,-0.00349612,-0.00492961,-2.18768
331.3,-0.00350062,-0.00492732,-2.1885
331.35,-0.00350467,-0.00492519,-2.18925
331.4,-0.00350826,-0.00492322,-2.18993
331.45,-0.00351137,-0.00492142,-2.19052
331.5,-0.003514,-0.00491981,-2.19103
331.55,-0.00351613,-0.00491838,-2.19145
331.6,-0.00351821,-0.00491623,-2.19194
331.65,-0.0035122,-0.00491901,-2.19086
331.7,-0.00353308,-0.00491598,-2.19396
331.75,-0.00355729,-0.00491273,-2.19751
331.8,-0.00357563,-0.00491188,-2.20004
331.85,-0.00358773,-0.00491347,-2.20149
331.9,-0.00359348,-0.00491739,-2.20188
331.95,-0.0035929,-0.00492351,-2.20121
332,-0.00358595,-0.00493169,-2.1995
332.05,-0.00357263,-0.0049418,-2.19675
332.1,-0.00355306,-0.00495369,-2.19301
332.15,-0.00352735,-0.00496719,-2.18829
332.2,-0.00349424,-0.00498263,-2.18238
332.25,-0.00345583,-0.00499919,-2.17564
332.3,-0.00341351,-0.00501646,-2.16829
332.35,-0.00334448,-0.00503846,-2.1568
332.4,-0.00321884,-0.00506864,-2.13659
332.45,-0.0030538,-0.00510232,-2.11012
332.5,-0.00288435,-0.00513434,-2.08264
332.55,-0.00272457,-0.00516311,-2.05636
332.6,-0.00257372,-0.0051889,-2.03124
332.65,-0.00243132,-0.0052117,-2.0073
332.7,-0.00231387,-0.00523013,-1.98732
332.75,-0.00221231,-0.00524529,-1.96993
332.8,-0.00212013,-0.0052583,-1.95406
332.85,-0.00203612,-0.00526949,-1.93952
332.9,-0.00195884,-0.00527933,-1.92609
332.95,-0.00189504,-0.00528826,-1.91489
333,-0.0018378,-0.0052964,-1.90479
333.05,-0.00178019,-0.00530393,-1.89462
333.1,-0.00172223,-0.00531082,-1.88438
333.15,-0.00166413,-0.00531702,-1.87412
333.2,-0.00160599,-0.00532251,-1.86384
333.25,-0.00154805,-0.00532724,-1.8536
333.3,-0.00149045,-0.00533118,-1.84341
333.35,-0.00143327,-0.00533431,-1.83329
333.4,-0.00137655,-0.00533664,-1.82324
333.45,-0.00132034,-0.00533818,-1.81327
333.5,-0.00126472,-0.00533894,-1.80339
333.55,-0.0012097,-0.00533893,-1.79362
333.6,-0.00115632,-0.00533802,-1.78412
333.65,-0.00110414,-0.00533632,-1.77483
333.7,-0.00105296,-0.00533389,-1.7657
333.75,-0.00100265,-0.00533076,-1.75671
333.8,-0.000953334,-0.00532695,-1.74789
333.85,-0.00090484,-0.00532251,-1.73919
333.9,-0.000857402,-0.00531741,-1.73066
333.95,-0.000811092,-0.00531167,-1.72233
334,-0.000765974,-0.00530536,-1.71418
334.05,-0.000721672,-0.00529846,-1.70617
334.1,-0.00067831,-0.00529099,-1.6983
334.15,-0.000635887,-0.00528299,-1.69059
334.2,-0.000594366,-0.00527447,-1.68301
334.25,-0.000554063,-0.00526552,-1.67564
334.3,-0.000514484,-0.00525607,-1.66837
334.35,-0.000476071,-0.00524625,-1.66129
334.4,-0.000438455,-0.005236,-1.65434
334.45,-0.000401662,-0.00522536,-1.64751
334.5,-0.000365602,-0.00521433,-1.6408
334.55,-0.000330408,-0.00520295,-1.63422
334.6,-0.000295875,-0.00519122,-1.62773
334.65,-0.000262002,-0.00517914,-1.62134
334.7,-0.000228762,-0.00516674,-1.61504
334.75,-0.000196149,-0.00515401,-1.60884
334.8,-0.000164137,-0.00514097,-1.60271
334.85,-0.000132722,-0.00512763,-1.59667
334.9,-0.000101879,-0.005114,-1.59072
334.95,-7.16031e-05,-0.0051001,-1.58483
335,-4.18726e-05,-0.00508593,-1.57903
335.05,-1.26858e-05,-0.0050715,-1.5733
335.1,1.59809e-05,-0.00505683,-1.56764
335.15,4.4127e-05,-0.00504191,-1.56204
335.2,7.1774e-05,-0.00502677,-1.55652
335.25,9.89218e-05,-0.0050114,-1.55106
335.3,0.000128549,-0.00499578,-1.54507
335.35,0.000158984,-0.00497991,-1.53888
335.4,0.000188798,-0.00496378,-1.53278
335.45,0.000217688,-0.00494742,-1.52682
335.5,0.000244201,-0.00493094,-1.52131
335.55,0.000257603,-0.00491497,-1.51843
335.6,0.000242614,-0.00490065,-1.52133
335.65,0.000222151,-0.00488718,-1.52537
335.7,0.000201152,-0.00487435,-1.52955
335.75,0.00017974,-0.00486207,-1.53385
335.8,0.000157385,-0.00485073,-1.53836
335.85,0.00013574,-0.00483984,-1.54276
335.9,0.000113454,-0.00482963,-1.54731
335.95,9.27974e-05,-0.00481994,-1.55155
336,7.18611e-05,-0.00481086,-1.55586
336.05,5.03324e-05,-0.00480252,-1.56032
336.1,2.76235e-05,-0.00479502,-1.56504
336.15,8.13924e-07,-0.00478886,-1.57063
336.2,-3.13546e-05,-0.00478408,-1.57735
336.25,-6.70459e-05,-0.00478058,-1.58482
336.3,-0.000106128,-0.00477834,-1.593
336.35,-0.0001492,-0.00477768,-1.60201
336.4,-0.000196507,-0.00477872,-1.61189
336.45,-0.000247949,-0.00478147,-1.62261
336.5,-0.000303866,-0.00478613,-1.6342
336.55,-0.000364722,-0.00479293,-1.64675
336.6,-0.000430345,-0.00480185,-1.66018
336.65,-0.000501139,-0.00481315,-1.67454
336.7,-0.00057748,-0.00482702,-1.68987
336.75,-0.000659548,-0.00484361,-1.70613
336.8,-0.000747612,-0.00486308,-1.72333
336.85,-0.000841139,-0.00488541,-1.7413
336.9,-0.000941726,-0.00491114,-1.76025
336.95,-0.00104855,-0.00494014,-1.77994
337,-0.00114366,-0.00496697,-1.79711
337.05,-0.00118084,-0.00497686,-1.80375
337.1,-0.00117082,-0.00497212,-1.80206
337.15,-0.0011102,-0.00495096,-1.79139
337.2,-0.00102757,-0.00492189,-1.77662
337.25,-0.000946089,-0.0048922,-1.76183
337.3,-0.000865611,-0.00486184,-1.74699
337.35,-0.000786034,-0.0048308,-1.7321
337.4,-0.000707572,-0.00479917,-1.71718
337.45,-0.000630484,-0.00476709,-1.70229
337.5,-0.000554678,-0.00473453,-1.68742
337.55,-0.000480382,-0.00470163,-1.67262
337.6,-0.00040753,-0.00466837,-1.65787
337.65,-0.000336294,-0.00463486,-1.64323
337.7,-0.000266597,-0.0046011,-1.62867
337.75,-0.000198586,-0.00456717,-1.61425
337.8,-0.000132171,-0.00453308,-1.59995
337.85,-6.75144e-05,-0.00449893,-1.5858
337.9,-4.50288e-06,-0.00446469,-1.5718
337.95,5.67681e-05,-0.00443045,-1.55798
338,0.000116386,-0.00439619,-1.54433
338.05,0.000174249,-0.004362,-1.53087
338.1,0.000230451,-0.00432787,-1.5176
338.15,0.000284903,-0.00429387,-1.50454
338.2,0.00033773,-0.00425997,-1.49168
338.25,0.000388837,-0.00422624,-1.47905
338.3,0.000438357,-0.00419267,-1.46662
338.35,0.000486215,-0.00415931,-1.45443
338.4,0.000532181,-0.00412637,-1.44253
338.45,0.000576335,-0.00409385,-1.43093
338.5,0.000618998,-0.00406157,-1.41956
338.55,0.000660269,-0.00402948,-1.40838
338.6,0.000700349,-0.00399745,-1.39736
338.65,0.000738716,-0.00396594,-1.38664
338.7,0.000775745,-0.00393468,-1.37614
338.75,0.000811348,-0.00390376,-1.36588
338.8,0.000845733,-0.00387306,-1.35581
338.85,0.000878834,-0.00384266,-1.34596
338.9,0.000910814,-0.00381246,-1.33629
338.95,0.000941806,-0.00378234,-1.32676
339,0.000971624,-0.00375252,-1.31743
339.05,0.00100031,-0.003723,-1.30831
339.1,0.00102791,-0.00369378,-1.29938
339.15,0.00105644,-0.00366313,-1.29002
339.2,0.00108855,-0.00362895,-1.27937
339.25,0.00112302,-0.00359257,-1.26783
339.3,0.00115694,-0.00355638,-1.25628
339.35,0.00118971,-0.00352083,-1.24494
339.4,0.00122121,-0.00348599,-1.23384
339.45,0.00125135,-0.00345189,-1.22302
339.5,0.00128006,-0.00341857,-1.21251
339.55,0.00130732,-0.00338606,-1.20234
339.6,0.00133309,-0.00335434,-1.19252
339.65,0.00135737,-0.00332343,-1.18305
339.7,0.00138018,-0.00329332,-1.17395
339.75,0.00140154,-0.00326398,-1.16521
339.8,0.0014215,-0.00323541,-1.15683
339.85,0.00144009,-0.00320757,-1.1488
339.9,0.00145711,-0.0031806,-1.14121
339.95,0.00147116,-0.00315542,-1.13453
340,0.00148307,-0.00313146,-1.12849
340.05,0.00149425,-0.00310785,-1.12263
340.1,0.00150551,-0.00308403,-1.11666
340.15,0.00151632,-0.00306038,-1.11078
340.2,0.00152614,-0.00303726,-1.10517
340.25,0.00153492,-0.00301471,-1.09986
340.3,0.00154284,-0.00299264,-1.09479
340.35,0.00154997,-0.00297101,-1.08994
340.4,0.00155656,-0.00294965,-1.08523
340.45,0.00156237,-0.00292876,-1.08074
340.5,0.00156762,-0.00290817,-1.0764
340.55,0.00157229,-0.00288791,-1.07223
340.6,0.00157642,-0.00286798,-1.06821
340.65,0.00158002,-0.00284835,-1.06434
340.7,0.00158315,-0.00282899,-1.0606
340.75,0.00158582,-0.00280991,-1.05699
340.8,0.00158806,-0.00279109,-1.0535
340.85,0.00158987,-0.00277251,-1.05013
340.9,0.00159129,-0.00275417,-1.04688
340.95,0.00159231,-0.00273607,-1.04374
341,0.00159294,-0.00271819,-1.04071
341.05,0.00159321,-0.00270054,-1.03779
341.1,0.0015931,-0.00268311,-1.03498
341.15,0.00159262,-0.00266591,-1.03229
341.2,0.00159177,-0.00264892,-1.02971
341.25,0.00159055,-0.00263217,-1.02724
341.3,0.00158895,-0.00261564,-1.02489
341.35,0.00158697,-0.00259933,-1.02267
341.4,0.00158473,-0.00258322,-1.02053
341.45,0.00158259,-0.00256712,-1.01834
341.5,0.00158064,-0.00255098,-1.01608
341.55,0.00157888,-0.00253479,-1.01372
341.6,0.0015769,-0.00251873,-1.01143
341.65,0.00157473,-0.00250277,-1.00919
341.7,0.0015724,-0.00248692,-1.00699
341.75,0.00156991,-0.00247116,-1.00483
341.8,0.00156725,-0.0024555,-1.00272
341.85,0.00156433,-0.00243998,-1.00069
341.9,0.0015611,-0.00242466,-0.998762
341.95,0.00155752,-0.00240947,-0.996944
342,0.00155354,-0.00239449,-0.995267
342.05,0.00154915,-0.0023797,-0.993729
342.1,0.00154478,-0.00236494,-0.992173
342.15,0.00154063,-0.00235014,-0.990531
342.2,0.00153656,-0.00233526,-0.98883
342.25,0.00153234,-0.00232047,-0.987174
342.3,0.00152795,-0.00230583,-0.985584
342.35,0.00152342,-0.00229134,-0.984047
342.4,0.00151852,-0.00227703,-0.982639
342.45,0.00151314,-0.00226287,-0.981399
342.5,0.00150738,-0.00224902,-0.980326
342.55,0.00150116,-0.00223556,-0.979461
342.6,0.00149505,-0.002222,-0.978533
342.65,0.00148932,-0.00220823,-0.977432
342.7,0.00148374,-0.00219437,-0.976252
342.75,0.00147807,-0.00218054,-0.975097
342.8,0.0014626,-0.00215688,-0.974914
342.85,0.00144775,-0.00213407,-0.974714
342.9,0.00143216,-0.0021107,-0.974631
342.95,0.00141635,-0.00208751,-0.974655
343,0.00140024,-0.00206455,-0.974831
343.05,0.00138443,-0.00204251,-0.975121
343.1,0.00136753,-0.00202014,-0.975709
343.15,0.00135072,-0.0019978,-0.97629
343.2,0.00133498,-0.00197593,-0.976621
343.25,0.00131891,-0.00195326,-0.976885
343.3,0.00130284,-0.00193065,-0.977173
343.35,0.0012867,-0.00190814,-0.977513
343.4,0.00127121,-0.00188628,-0.977786
343.45,0.00125493,-0.00186392,-0.978232
343.5,0.00123834,-0.00184181,-0.978869
343.55,0.00122202,-0.00182061,-0.97965
343.6,0.00120465,-0.0017991,-0.980777
343.65,0.00118742,-0.00177759,-0.981876
343.7,0.0011708,-0.00175573,-0.982672
343.75,0.00115508,-0.00173432,-0.983246
343.8,0.00113877,-0.00171233,-0.98392
343.85,0.00112251,-0.00169033,-0.984586
343.9,0.00110688,-0.00166895,-0.985186
343.95,0.00109043,-0.00164711,-0.986015
344,0.00107364,-0.00162552,-0.987085
344.05,0.00105649,-0.00160424,-0.988425
344.1,0.00103947,-0.00158398,-0.990048
344.15,0.00102206,-0.001563,-0.991678
344.2,0.00100544,-0.00154152,-0.992846
344.25,0.000989863,-0.00152033,-0.993658
344.3,0.000973801,-0.00149851,-0.994529
344.35,0.000957817,-0.00147666,-0.995381
344.4,0.000941874,-0.00145483,-0.996241
344.45,0.000926578,-0.00143355,-0.99699
344.5,0.00091075,-0.00141167,-0.997831
344.55,0.000894425,-0.0013902,-0.999091
344.6,0.000877861,-0.00137001,-1.00094
344.65,0.000860464,-0.00134955,-1.00319
344.7,0.000843541,-0.00132878,-1.00516
344.75,0.000827125,-0.00130764,-1.0068
344.8,0.000811959,-0.00128652,-1.0078
344.85,0.000796498,-0.00126464,-1.00874
344.9,0.000781167,-0.00124268,-1.0096
344.95,0.00076646,-0.00122124,-1.01032
345,0.000751278,-0.0011992,-1.01113
345.05,0.000736139,-0.00117716,-1.01195
345.1,0.000721096,-0.00115507,-1.01271
345.15,0.000706112,-0.00113395,-1.01385
345.2,0.000689852,-0.00111301,-1.01594
345.25,0.000673337,-0.00109237,-1.01841
345.3,0.000657985,-0.00107177,-1.0202
345.35,0.000642884,-0.00104994,-1.02138
345.4,0.000628234,-0.00102774,-1.02212
345.45,0.000613702,-0.00100543,-1.02277
345.5,0.000599776,-0.000983604,-1.02322
345.55,0.000585368,-0.000961165,-1.02377
345.6,0.000571071,-0.000938689,-1.02424
345.65,0.000556923,-0.000916144,-1.02459
345.7,0.000543138,-0.000894227,-1.02497
345.75,0.000528647,-0.000872031,-1.02581
345.8,0.000513931,-0.000850128,-1.02705
345.85,0.000499296,-0.000829206,-1.02881
345.9,0.000484566,-0.000807442,-1.03028
345.95,0.000470572,-0.000784931,-1.03074
346,0.000456875,-0.000762103,-1.03075
346.05,0.000443751,-0.000739755,-1.03048
346.1,0.000430161,-0.000716784,-1.03028
346.15,0.000416656,-0.00069381,-1.02998
346.2,0.000403689,-0.000671267,-1.02936
346.25,0.000390399,-0.000648233,-1.02872
346.3,0.000376754,-0.000625525,-1.02869
346.35,0.000362925,-0.000603193,-1.02915
346.4,0.000349315,-0.000581728,-1.03003
346.45,0.000335523,-0.000559524,-1.03063
346.5,0.000322253,-0.000536823,-1.03016
346.55,0.000309738,-0.000514163,-1.0286
346.6,0.000296848,-0.000491142,-1.02715
346.65,0.000283999,-0.000468068,-1.02543
346.7,0.000271209,-0.000445062,-1.02351
346.75,0.000258948,-0.000422476,-1.02092
346.8,0.000246192,-0.00039952,-1.01853
346.85,0.000233352,-0.000376815,-1.01632
346.9,0.000220831,-0.000354797,-1.01406
346.95,0.000207664,-0.000332658,-1.01273
347,0.000194685,-0.000310392,-1.0106
347.05,0.000182055,-0.00028782,-1.0068
347.1,0.000170128,-0.000265432,-1.00081
347.15,0.000157797,-0.000242647,-0.994198
347.2,0.000145499,-0.000219919,-0.986307
347.25,0.00013368,-0.000197662,-0.97615
347.3,0.00012147,-0.000175008,-0.964052
347.35,0.000109254,-0.000152428,-0.948913
347.4,9.67245e-05,-0.000130306,-0.932249
347.45,8.45105e-05,-0.000108854,-0.910635
347.5,7.21012e-05,-8.67413e-05,-0.877306
347.55,5.98766e-05,-6.44205e-05,-0.821939
347.6,4.80403e-05,-4.25774e-05,-0.725186
347.65,3.57361e-05,-2.03803e-05,-0.518295
347.7,2.33239e-05,1.6127e-06,0.0690336
347.75,1.05874e-05,2.32474e-05,1.14344
347.8,6.4289e-07,4.00479e-05,1.55474
347.85,-8.01008e-06,5.16501e-05,1.72465
347.9,-1.44741e-05,5.86509e-05,1.81275
347.95,-1.98957e-05,6.40773e-05,1.87185
348,-2.54121e-05,6.93744e-05,1.92192
348.05,-3.09177e-05,7.46619e-05,1.9634
348.1,-3.64172e-05,7.99354e-05,1.99828
348.15,-4.17276e-05,8.44855e-05,2.02955
348.2,-4.7564e-05,8.92151e-05,2.0606
348.25,-5.32112e-05,9.41966e-05,2.085
348.3,-5.82785e-05,9.90292e-05,2.10272
348.35,-6.37329e-05,0.000104244,2.11954
348.4,-6.91776e-05,0.000109447,2.13446
348.45,-7.42096e-05,0.000114258,2.14681
348.5,-7.96388e-05,0.000119438,2.15888
348.55,-8.52768e-05,0.00012429,2.17214
348.6,-9.10146e-05,0.000128973,2.18533
348.65,-9.61732e-05,0.000133504,2.19507
348.7,-0.000101575,0.000138618,2.20318
348.75,-0.000106953,0.000143739,2.2105
348.8,-0.00011192,0.000148469,2.21674
348.85,-0.000117279,0.000153566,2.22301
348.9,-0.000122618,0.000158666,2.22873
348.95,-0.000127774,0.00016306,2.23546
349,-0.000133488,0.000167585,2.24342
349.05,-0.000139022,0.000172332,2.24962
349.1,-0.000144347,0.000177345,2.25397
349.15,-0.000149239,0.000182006,2.2576
349.2,-0.000154518,0.000187032,2.26129
349.25,-0.000159785,0.000192048,2.26475
349.3,-0.000164668,0.000196647,2.26792
349.35,-0.000170183,0.000201274,2.27269
349.4,-0.000175813,0.000205717,2.27797
349.45,-0.000180928,0.000209921,2.28215
349.5,-0.000186239,0.000214747,2.28522
349.55,-0.000191433,0.000219707,2.28753
349.6,-0.000196616,0.000224657,2.28973
349.65,-0.000201393,0.000229224,2.29165
349.7,-0.000206553,0.000234151,2.29365
349.75,-0.000211722,0.000239043,2.29566
349.8,-0.000216726,0.000243236,2.29862
349.85,-0.000222356,0.000247463,2.30281
349.9,-0.000228095,0.000251515,2.3074
349.95,-0.000233212,0.000255479,2.31066
350,-0.000238556,0.000260007,2.31319
350.05,-0.000243704,0.000264771,2.31479
350.1,-0.000248381,0.000269248,2.3159
350.15,-0.000253433,0.000274091,2.31705
350.2,-0.000258468,0.00027893,2.31814
350.25,-0.000263513,0.000284492,2.31793
350.3,-0.000267882,0.000285263,2.32478
350.35,-0.000270866,0.000277012,2.34498
350.4,-0.000272525,0.000266103,2.36812
350.45,-0.000273724,0.000255174,2.39125
350.5,-0.000274582,0.000244611,2.41386
350.55,-0.000274704,0.000234178,2.43566
350.6,-0.000274729,0.000224865,2.45567
350.65,-0.000273758,0.000216931,2.47149
350.7,-0.000271467,0.00020992,2.48336
350.75,-0.000268811,0.00020445,2.49136
350.8,-0.000265545,0.000199988,2.4961
350.85,-0.000261286,0.000196144,2.49765
350.9,-0.000256867,0.000193688,2.49551
350.95,-0.000251924,0.000192231,2.48979
351,-0.000246059,0.000191347,2.48063
351.05,-0.00024011,0.000191801,2.46758
351.1,-0.00023409,0.000192828,2.45255
351.15,-0.000227492,0.000194099,2.43524
351.2,-0.000221048,0.000196501,2.41492
351.25,-0.00021397,0.000199975,2.38999
351.3,-0.000205918,0.000204022,2.36082
351.35,-0.000197855,0.000209207,2.32831
351.4,-0.00018977,0.000214752,2.29452
351.45,-0.000185877,0.000222484,2.26679
351.5,-0.000190034,0.000227829,2.26599
351.55,-0.000194552,0.000233054,2.2664
351.6,-0.000198844,0.000237761,2.26729
351.65,-0.000204026,0.000242548,2.27015
351.7,-0.000209224,0.00024737,2.27284
351.75,-0.000214051,0.000251847,2.27525
351.8,-0.000219237,0.000256758,2.27753
351.85,-0.000224513,0.000261685,2.27989
351.9,-0.00022977,0.000266634,2.28207
351.95,-0.000234716,0.000271729,2.28324
352,-0.000239565,0.000276878,2.28407
352.05,-0.000244448,0.000282031,2.28493
352.1,-0.000249626,0.000287039,2.28659
352.15,-0.000254841,0.000292014,2.28832
352.2,-0.000259817,0.000297097,2.28935
352.25,-0.000265035,0.000302049,2.29102
352.3,-0.000270212,0.000307006,2.29254
352.35,-0.000275419,0.000311931,2.29411
352.4,-0.000280582,0.000316863,2.29554
352.45,-0.000285778,0.000321762,2.29704
352.5,-0.00029093,0.000326666,2.2984
352.55,-0.000296115,0.000331536,2.29982
352.6,-0.000301259,0.000336409,2.30113
352.65,-0.000306439,0.000341246,2.3025
352.7,-0.000311577,0.000346085,2.30377
352.75,-0.000316715,0.000350905,2.30503
352.8,-0.000321891,0.000355686,2.30636
352.85,-0.00032703,0.000360465,2.3076
352.9,-0.000332209,0.000365203,2.30892
352.95,-0.000337352,0.000369938,2.31016
353,-0.000342538,0.00037463,2.31148
353.05,-0.000347776,0.000379293,2.31287
353.1,-0.000353018,0.000383933,2.31427
353.15,-0.000358314,0.000388499,2.3158
353.2,-0.000363627,0.00039304,2.31734
353.25,-0.000368874,0.0003976,2.31873
353.3,-0.000374198,0.000402087,2.32028
353.35,-0.000379591,0.000406494,2.32198
353.4,-0.000385033,0.000410853,2.32376
353.45,-0.000390439,0.000415206,2.32546
353.5,-0.000395843,0.000419542,2.32714
353.55,-0.000401279,0.000423847,2.32885
353.6,-0.000406667,0.00042816,2.33045
353.65,-0.000412082,0.000432447,2.33208
353.7,-0.000417449,0.000436746,2.33361
353.75,-0.00042284,0.00044102,2.33515
353.8,-0.00042818,0.000445308,2.33659
353.85,-0.000433546,0.000449572,2.33805
353.9,-0.00043886,0.00045385,2.3394
353.95,-0.000444196,0.000458106,2.34078
354,-0.000449479,0.000462379,2.34205
354.05,-0.000454785,0.000466632,2.34334
354.1,-0.000460038,0.000470901,2.34453
354.15,-0.000465274,0.000475168,2.34567
354.2,-0.000471246,0.000478548,2.34851
354.25,-0.000478825,0.000479865,2.35511
354.3,-0.000487062,0.000480322,2.36316
354.35,-0.000495503,0.000480409,2.37166
354.4,-0.000504066,0.000480217,2.38042
354.45,-0.000512695,0.000479838,2.38929
354.5,-0.000520957,0.000478912,2.39822
354.55,-0.000529917,0.000478003,2.40765
354.6,-0.000538497,0.000476583,2.41711
354.65,-0.000547522,0.000475398,2.42659
354.7,-0.000556175,0.000474554,2.43522
354.75,-0.000564268,0.000473424,2.44352
354.8,-0.000572688,0.000472673,2.45158
354.85,-0.000580434,0.00047171,2.45916
354.9,-0.000588512,0.000471099,2.46655
354.95,-0.000596373,0.000470646,2.47348
355,-0.00060357,0.00047004,2.47993
355.05,-0.000610944,0.000469948,2.48591
355.1,-0.000618063,0.00047005,2.49139
355.15,-0.000624599,0.000469903,2.4966
355.2,-0.000631348,0.000470275,2.50138
355.25,-0.000637594,0.000470829,2.50553
355.3,-0.000643902,0.000472548,2.50849
355.35,-0.000649197,0.000476042,2.50888
355.4,-0.000653893,0.000479521,2.50884
355.45,-0.000658894,0.00048352,2.50852
355.5,-0.000663445,0.000487218,2.50817
355.55,-0.000668355,0.000491345,2.50766
355.6,-0.000673195,0.00049553,2.50706
355.65,-0.000677694,0.0004993,2.50662
355.7,-0.000682633,0.000503404,2.50618
355.75,-0.000687159,0.000507138,2.5058
355.8,-0.000692067,0.000511246,2.50535
355.85,-0.000696949,0.00051538,2.50486
355.9,-0.000701403,0.000519157,2.50441
355.95,-0.000706241,0.000523309,2.50389
356,-0.000710636,0.000527113,2.50339
356.05,-0.000715337,0.000531349,2.50272
356.1,-0.000719821,0.000535717,2.50179
356.15,-0.000723731,0.000539842,2.50071
356.2,-0.000728065,0.000544457,2.49949
356.25,-0.000731044,0.000549996,2.49659
356.3,-0.000730385,0.000561226,2.48642
356.35,-0.000725758,0.000577845,2.46918
356.4,-0.000720523,0.000594367,2.45185
356.45,-0.000716542,0.000610157,2.43621
356.5,-0.000713086,0.00062426,2.42252
356.55,-0.000710776,0.000637703,2.41033
356.6,-0.000709216,0.000650117,2.39964
356.65,-0.000707839,0.000661368,2.39012
356.7,-0.000707443,0.000672172,2.38176
356.75,-0.000707099,0.000681992,2.37427
356.8,-0.000707682,0.000691432,2.36781
356.85,-0.000708686,0.000700279,2.36216
356.9,-0.000709599,0.000708333,2.35709
356.95,-0.000711222,0.000716297,2.35264
357,-0.00071273,0.000723502,2.34869
357.05,-0.000714878,0.000730709,2.34524
357.1,-0.000717249,0.000737591,2.34221
357.15,-0.000719817,0.000744938,2.33905
357.2,-0.000721728,0.000750234,2.33683
357.25,-0.000719353,0.000753338,2.33312
357.3,-0.000715573,0.00075709,2.32801
357.35,-0.000712149,0.000760412,2.32343
357.4,-0.000708661,0.000762974,2.3193
357.45,-0.000705799,0.000765515,2.31563
357.5,-0.000702911,0.000767399,2.31236
357.55,-0.000700707,0.000769334,2.30954
357.6,-0.000698371,0.000770609,2.30706
357.65,-0.000696689,0.000771988,2.30497
357.7,-0.000695256,0.000773116,2.30322
357.75,-0.000693648,0.000773641,2.30173
357.8,-0.000692697,0.000774289,2.30063
357.85,-0.000691566,0.00077434,2.29979
357.9,-0.000691095,0.000774522,2.29933
357.95,-0.000690431,0.000774121,2.29911
358,-0.000690435,0.000773851,2.29929
358.05,-0.000690613,0.000773443,2.29968
358.1,-0.000690522,0.000772549,2.30019
358.15,-0.000690989,0.000771938,2.30092
358.2,-0.00069117,0.000770838,2.30176
358.25,-0.000691893,0.000770041,2.30279
358.3,-0.000692302,0.000768788,2.30389
358.35,-0.000693325,0.000767788,2.30528
358.4,-0.000694516,0.000766647,2.30687
358.45,-0.000695422,0.000764957,2.30862
358.5,-0.000696941,0.000763552,2.31062
358.55,-0.000698176,0.000761652,2.31274
358.6,-0.0007,0.000760034,2.3151
358.65,-0.000701534,0.000757908,2.31759
358.7,-0.000703679,0.000756043,2.32034
358.75,-0.000705993,0.000754063,2.32328
358.8,-0.000708017,0.000751568,2.32637
358.85,-0.000710601,0.000749357,2.32966
358.9,-0.000712873,0.000746737,2.333
358.95,-0.000715696,0.000744461,2.3365
359,-0.000718164,0.000741742,2.34005
359.05,-0.000721164,0.000739398,2.34371
359.1,-0.000723799,0.000736643,2.3474
359.15,-0.00072697,0.000734265,2.3512
359.2,-0.000729789,0.000731415,2.35508
359.25,-0.000733165,0.000728926,2.35909
359.3,-0.000736639,0.000726386,2.3632
359.35,-0.000739757,0.000723406,2.36737
359.4,-0.000743424,0.000720803,2.37164
359.45,-0.000746728,0.000717749,2.37598
359.5,-0.000750574,0.000715063,2.38042
359.55,-0.000754052,0.000711931,2.38492
359.6,-0.00075807,0.000709181,2.3895
359.65,-0.000761698,0.000706005,2.39412
359.7,-0.000765847,0.000703213,2.3988
359.75,-0.000769598,0.000700034,2.40349
359.8,-0.000773871,0.000697259,2.40822
359.85,-0.000778215,0.000694491,2.41298
359.9,-0.000782148,0.000691306,2.41777
359.95,-0.000786605,0.000688545,2.42257
360,-0.000790645,0.000685371,2.4274
360.05,-0.000795204,0.000682629,2.43222
360.1,-0.000799341,0.000679478,2.43707
360.15,-0.000803995,0.000676766,2.44191
360.2,-0.000808221,0.000673646,2.44676
360.25,-0.000812962,0.000670975,2.45159
360.3,-0.000817271,0.000667896,2.45644
360.35,-0.000822097,0.000665269,2.46125
360.4,-0.000826487,0.000662235,2.46608
360.45,-0.000831385,0.000659667,2.47086
360.5,-0.000835835,0.000656701,2.47564
360.55,-0.000840792,0.000654209,2.48036
360.6,-0.000845293,0.000651323,2.48508
360.65,-0.000850297,0.000648918,2.48972
360.7,-0.000854847,0.000646116,2.49437
360.75,-0.000859903,0.000643797,2.49893
360.8,-0.00086498,0.00064153,2.50344
360.85,-0.000869609,0.000638853,2.50799
360.9,-0.000874735,0.000636679,2.51242
360.95,-0.000879405,0.000634101,2.51687
361,-0.000884571,0.000632033,2.5212
361.05,-0.000889274,0.000629571,2.52554
361.1,-0.000894465,0.000627648,2.52973
361.15,-0.00089955,0.0006256,2.53392
361.2,-0.000904798,0.000623748,2.53803
361.25,-0.000910064,0.00062193,2.5421
361.3,-0.000915306,0.000620212,2.54606
361.35,-0.000915397,0.000613488,2.55116
361.4,-0.000915286,0.000606889,2.55609
361.45,-0.000915177,0.000600336,2.56103
361.5,-0.00091507,0.000593826,2.56596
361.55,-0.000914964,0.000587373,2.57089
361.6,-0.000914856,0.000580997,2.57579
361.65,-0.000914745,0.000574696,2.58065
361.7,-0.00091463,0.00056848,2.58548
361.75,-0.000914508,0.000562337,2.59028
361.8,-0.000914381,0.000556268,2.59505
361.85,-0.000914247,0.000550276,2.59979
361.9,-0.000914107,0.000544361,2.60448
361.95,-0.00091396,0.000538525,2.60914
362,-0.000913805,0.000532771,2.61375
362.05,-0.000913644,0.000527099,2.61832
362.1,-0.000913475,0.00052151,2.62284
362.15,-0.000913301,0.000515984,2.62733
362.2,-0.000913123,0.000510534,2.63178
362.25,-0.000912945,0.00050513,2.63622
362.3,-0.000912764,0.000499824,2.6406
362.35,-0.000912575,0.000494604,2.64492
362.4,-0.00091238,0.000489493,2.64917
362.45,-0.000912186,0.000484456,2.65338
362.5,-0.00091199,0.000479499,2.65754
362.55,-0.000911793,0.000474627,2.66165
362.6,-0.000911596,0.000469835,2.6657
362.65,-0.000911398,0.000465125,2.66971
362.7,-0.000911196,0.000460526,2.67363
362.75,-0.000910991,0.000456029,2.67748
362.8,-0.000910791,0.000451599,2.68129
362.85,-0.000910592,0.000447259,2.68503
362.9,-0.000910393,0.00044302,2.6887
362.95,-0.000910196,0.000438866,2.69231
363,-0.000910003,0.000434794,2.69587
363.05,-0.000909813,0.000430811,2.69936
363.1,-0.000909626,0.000426915,2.70278
363.15,-0.000909442,0.000423107,2.70614
363.2,-0.000909262,0.000419388,2.70943
363.25,-0.000909086,0.000415759,2.71265
363.3,-0.000908914,0.000412221,2.71581
363.35,-0.000908746,0.000408773,2.71889
363.4,-0.000908584,0.000405417,2.7219
363.45,-0.000908426,0.000402152,2.72483
363.5,-0.000908274,0.000398979,2.7277
363.55,-0.000908128,0.000395898,2.73048
363.6,-0.000907987,0.00039291,2.7332
363.65,-0.000907852,0.000390021,2.73582
363.7,-0.000907726,0.000387221,2.73838
363.75,-0.000907607,0.000384513,2.74086
363.8,-0.000907503,0.000381875,2.74329
363.85,-0.000907405,0.000379338,2.74563
363.9,-0.000907321,0.000376882,2.7479
363.95,-0.000907239,0.00037454,2.75007
364,-0.000907168,0.000372289,2.75216
364.05,-0.000907112,0.000370119,2.75419
364.1,-0.000907066,0.000368045,2.75614
364.15,-0.000907032,0.000366069,2.758
364.2,-0.000907008,0.000364189,2.75977
364.25,-0.000906995,0.000362411,2.76145
364.3,-0.000906989,0.000360742,2.76304
364.35,-0.000906993,0.000359174,2.76453
364.4,-0.000907009,0.000357704,2.76594
364.45,-0.000907041,0.000356328,2.76727
364.5,-0.000907088,0.000355049,2.76851
364.55,-0.000907146,0.000353869,2.76966
364.6,-0.000907217,0.000352791,2.77072
364.65,-0.000907301,0.00035181,2.77169
364.7,-0.000907394,0.000350939,2.77256
364.75,-0.000907502,0.000350162,2.77334
364.8,-0.000907628,0.000349471,2.77405
364.85,-0.000907767,0.000348873,2.77468
364.9,-0.000907927,0.000348361,2.77523
364.95,-0.000908105,0.000347939,2.7757
365,-0.000908303,0.000347606,2.77609
365.05,-0.000908522,0.000347359,2.77641
365.1,-0.000908763,0.000347203,2.77665
365.15,-0.000909024,0.00034712,2.77682
365.2,-0.000909304,0.00034712,2.77692
365.25,-0.000909606,0.00034719,2.77697
365.3,-0.000909936,0.000347337,2.77695
365.35,-0.000910293,0.000347549,2.77687
365.4,-0.00091068,0.000347827,2.77675
365.45,-0.000911098,0.000348166,2.77658
365.5,-0.000911547,0.000348566,2.77636
365.55,-0.000912029,0.000349025,2.7761
365.6,-0.000912543,0.000349544,2.77579
365.65,-0.000913091,0.000350119,2.77544
365.7,-0.000913672,0.000350749,2.77505
365.75,-0.000914287,0.000351436,2.77462
365.8,-0.000914938,0.000352175,2.77416
365.85,-0.000915624,0.000352967,2.77365
365.9,-0.000916347,0.00035381,2.77312
365.95,-0.000917107,0.000354702,2.77255
366,-0.000917895,0.000355641,2.77195
366.05,-0.000918727,0.000356642,2.77131
366.1,-0.000919597,0.000357692,2.77063
366.15,-0.000920507,0.000358802,2.76992
366.2,-0.000921456,0.000359949,2.76919
366.25,-0.000922444,0.000361141,2.76843
366.3,-0.000923474,0.000362379,2.76765
366.35,-0.000924543,0.000363653,2.76685
366.4,-0.000925656,0.000364972,2.76602
366.45,-0.000926811,0.000366331,2.76518
366.5,-0.000928007,0.000367727,2.76432
366.55,-0.000929249,0.000369163,2.76344
366.6,-0.000930533,0.000370632,2.76255
366.65,-0.000931865,0.000372131,2.76166
366.7,0.238022,-0.0033746,-0.0141767
366.75,0.242031,0.00464909,0.0192062
366.8,0.244478,0.000750333,0.00306912
366.85,0.24457,0.00957733,0.0391398
366.9,0.248152,0.0105314,0.0424139
366.95,0.248298,0.012887,0.0518549
367,0.249326,0.0112895,0.0452491
367.05,0.254119,0.0149295,0.0586826
367.1,0.258496,0.0119556,0.0462176
367.15,0.259251,0.0126676,0.0488235
367.2,0.259948,0.0118613,0.0455979
367.25,0.257277,0.0205444,0.0796843
367.3,0.253126,0.0160521,0.0633308
367.35,0.259429,0.0106615,0.0410729
367.4,0.25658,0.011213,0.0436741
367.45,0.255696,0.0173711,0.0678324
367.5,0.245895,0.014353,0.0583042
367.55,0.244689,0.0211282,0.0861338
367.6,0.243614,0.0113375,0.0465051
367.65,0.23483,0.019476,0.0827472
367.7,0.233841,0.0212457,0.0906066
367.75,0.228927,0.00107296,0.00468686
367.8,0.228941,0.00176381,0.00770408
367.85,-0.00101204,0.000261881,2.88838
367.9,-0.00101717,0.000249616,2.90095
367.95,-0.00102211,0.000237363,2.91341
368,-0.001027,0.000225087,2.92584
368.05,-0.00103138,0.00021388,2.93712
368.1,-0.00103506,0.000204167,2.94684
368.15,-0.00103853,0.000194909,2.95607
368.2,-0.00104132,0.000187091,2.96382
368.25,-0.00104243,0.000182895,2.96791
368.3,-0.0010427,0.000180501,2.97018
368.35,-0.00104235,0.000179494,2.97106
368.4,-0.00104176,0.000179042,2.97139
368.45,-0.00104117,0.000178589,2.97172
368.5,-0.00104058,0.000178136,2.97205
368.55,-0.00103998,0.000177685,2.97237
368.6,-0.00103939,0.000177235,2.9727
368.65,-0.0010388,0.000176785,2.97303
368.7,-0.00103823,0.000176301,2.97339
368.75,-0.00103793,0.000175259,2.97432
368.8,0.233535,0.00756732,0.032392
368.85,0.223944,-0.0272635,-0.121146
368.9,0.228696,-0.00898061,-0.0392486
368.95,0.23156,0.00570586,0.0246359
369,0.233641,-0.000638986,-0.0027349
369.05,0.227085,0.00862602,0.0379676
369.1,-0.00104117,0.000159749,2.98935
369.15,-0.0010453,0.000149462,2.99957
369.2,-0.001049,0.000139883,3.00903
369.25,-0.00105152,0.000132761,3.016
369.3,-0.00105311,0.000127637,3.02098
369.35,-0.00105329,0.00012554,3.02296
369.4,-0.0010527,0.000125101,3.02331
369.45,-0.00105211,0.000124663,3.02365
369.5,0.22869,-0.00344729,-0.015073
369.55,0.228156,-0.00339488,-0.0148786
369.6,0.224959,-0.0106883,-0.0474766
369.65,0.236684,0.00439361,0.018561
369.7,0.230006,0.00911779,0.0396208
369.75,-0.00105338,0.000114429,3.03339
369.8,-0.00105702,0.00010518,3.04241
369.85,-0.0010603,9.65634e-05,3.05077
369.9,-0.00106221,9.0792e-05,3.05632
369.95,-0.00106284,8.77338e-05,3.05923
370,-0.00106229,8.72185e-05,3.05967
370.05,0.231156,-0.00409478,-0.0177125
370.1,-0.00106126,8.75326e-05,3.0593
370.15,0.235071,-0.0195146,-0.0828255
370.2,0.223749,0.0206087,0.0918473
370.25,0.232956,-0.00597346,-0.0256364
370.3,0.223857,0.0235577,0.104849
370.35,-0.00105951,8.46366e-05,3.06188
370.4,-0.00106099,7.99783e-05,3.06635
370.45,-0.00106349,7.31896e-05,3.07288
370.5,-0.00106609,6.6062e-05,3.07971
370.55,-0.00106767,6.10513e-05,3.08447
370.6,0.222141,-0.0359859,-0.160601
370.65,0.230098,-0.0223283,-0.0967354
370.7,0.229704,-0.00462922,-0.0201503
370.75,0.225658,-0.000910426,-0.00403452
370.8,0.227651,0.00215653,0.00947271
370.85,-0.0010693,4.96846e-05,3.09516
370.9,0.225893,-0.0151566,-0.0669962
370.95,-0.00107548,3.46453e-05,3.10939
371,-0.00107764,2.8142e-05,3.11548
371.05,-0.00107905,2.33023e-05,3.12
371.1,-0.00108077,1.78607e-05,3.12507
371.15,-0.00108196,1.34995e-05,3.12912
371.2,-0.00108281,9.94896e-06,3.1324
371.25,0.224123,-0.00326662,-0.0145741
371.3,-0.00147814,0.000288811,2.94863
371.35,-0.0014775,0.0002882,2.94895
371.4,-0.00147701,0.000287354,2.94944
371.45,0.236875,-0.0277298,-0.116535
371.5,0.232468,0.0187421,0.0804486
371.55,0.226279,-0.0120623,-0.0532566
371.6,0.228458,0.00968847,0.0423826
371.65,0.224497,0.0155434,0.069126
371.7,-0.00147868,0.000274341,2.95815
371.75,0.230737,0.0155465,0.0672757
371.8,-0.00148593,0.000255748,2.97115
371.85,-0.00148845,0.000247938,2.97653
371.9,-0.00149011,0.000242094,2.98053
371.95,-0.00149203,0.000235582,2.98499
372,-0.00149331,0.000230705,2.98831
372.05,-0.00149382,0.000227562,2.99042
372.1,-0.00149379,0.000225646,2.99167
372.15,-0.00149356,0.000224218,2.99258
372.2,-0.00149332,0.000222827,2.99347
372.25,0.228627,-0.0437869,-0.18923
372.3,0.23498,0.00433958,0.0184658
372.35,0.228945,-0.00109508,-0.0047831
372.4,0.227274,-0.00347713,-0.0152981
372.45,0.229994,-0.00726533,-0.0315787
372.5,0.230358,-0.0111816,-0.0485018
372.55,0.229103,0.015226,0.0663617
372.6,0.227144,0.00549307,0.0241785
372.65,-0.00149851,0.000196281,3.01135
372.7,-0.00150252,0.000184997,3.01908
372.75,-0.00150673,0.000173179,3.02716
372.8,-0.00151096,0.000161179,3.03532
372.85,-0.00151516,0.000148947,3.0436
372.9,-0.00151837,0.000138993,3.05031
372.95,-0.00152102,0.000130381,3.05608
373,-0.00152326,0.000122806,3.06115
373.05,-0.00152509,0.000116294,3.06549
373.1,-0.0015265,0.000110848,3.0691
373.15,-0.00152749,0.000106473,3.072
373.2,-0.00152806,0.000103162,3.07418
373.25,-0.00152814,0.00010104,3.07557
373.3,-0.001528,9.9431e-05,3.07661
373.35,-0.00152787,9.78345e-05,3.07765
373.4,0.229576,0.012813,0.0557537
373.45,0.22994,-0.0119565,-0.0519515
373.5,0.236473,-0.00119654,-0.00505988
373.55,0.231979,-0.00465288,-0.0200546
373.6,0.230502,0.00350106,0.0151877
373.65,0.230034,0.00444684,0.0193289
373.7,0.235664,0.0109988,0.0466374
373.75,0.22796,-0.000288677,-0.00126635
373.8,-0.00153164,7.51445e-05,3.09257
373.85,0.224137,0.00951721,0.042436
373.9,-0.00153959,5.47805e-05,3.10603
373.95,-0.00154247,4.59872e-05,3.11179
374,-0.00154439,3.94358e-05,3.11606
374.05,-0.00154654,3.21919e-05,3.12078
374.1,-0.00154901,2.42395e-05,3.12595
374.15,-0.00155156,1.61035e-05,3.13121
374.2,-0.00155386,8.62898e-06,3.13604
374.25,-0.00155566,2.38991e-06,3.14006
374.3,-0.00155608,-5.47393e-07,-3.14124
374.35,-0.00155549,-1.15098e-06,-3.14085
374.4,-0.00155484,-1.59321e-06,-3.14057
374.45,0.230718,-0.0120445,-0.0521573
374.5,0.231239,-0.00730361,-0.0315742
374.55,0.231388,-0.0085092,-0.0367581
374.6,0.231035,-0.0018735,-0.00810898
374.65,0.240608,-0.00717416,-0.029808
374.7,0.235545,-0.00607011,-0.0257647
374.75,0.239772,-0.00577319,-0.0240732
374.8,0.23652,-0.0023561,-0.00996118
374.85,0.235777,0.00300061,0.0127258
374.9,0.239557,0.0119863,0.0499937
374.95,0.240121,0.00784808,0.0326722
375,0.235623,0.00281041,0.011927
375.05,0.238112,0.00453623,0.0190485
375.1,0.236266,0.0198052,0.0836302
375.15,0.229356,-0.0012246,-0.00533924
375.2,0.230214,0.0100328,0.0435525
375.25,-0.0015723,-6.96099e-05,-3.09735
375.3,-0.00157703,-8.32707e-05,-3.08884
375.35,-0.00158169,-9.68973e-05,-3.08041
375.4,-0.00158638,-0.000110804,-3.07186
375.45,-0.00159002,-0.000122195,-3.06489
375.5,-0.00159239,-0.000130373,-3.0599
375.55,-0.00159423,-0.000137114,-3.0558
375.6,-0.00159556,-0.000142502,-3.05252
375.65,-0.00159638,-0.000146521,-3.05007
375.7,-0.00159668,-0.000149175,-3.04843
375.75,-0.00159644,-0.000150532,-3.04758
375.8,-0.00159592,-0.000151267,-3.04709
375.85,-0.00159558,-0.000152443,-3.04634
375.9,0.233794,-0.00306012,-0.0130882
375.95,0.232922,-0.0142129,-0.0609447
376,0.232573,-0.00814975,-0.0350274
376.05,0.237736,-0.00429494,-0.018064
376.1,0.235068,0.00644843,0.0274253
376.15,0.2336,0.0105619,0.0451829
376.2,0.231707,0.00368358,0.0158963
376.25,0.234079,0.0243125,0.103493
376.3,-0.00160588,-0.000190263,-3.02366
376.35,-0.00161046,-0.00020342,-3.01595
376.4,-0.00161491,-0.000216437,-3.00836
376.45,-0.00161934,-0.000229455,-3.00083
376.5,-0.00162336,-0.000241333,-2.99401
376.55,-0.00162655,-0.000251067,-2.98845
376.6,-0.00162903,-0.000258942,-2.98396
376.65,-0.00163096,-0.000265533,-2.9802
376.7,-0.00163233,-0.000270882,-2.97714
376.75,-0.00163249,-0.000273311,-2.97571
376.8,0.22907,-0.0029523,-0.0128875
376.85,0.227903,-0.00997223,-0.0437287
376.9,0.229757,-0.0124003,-0.0539192
376.95,0.231129,-0.01216,-0.0525628
377,0.232053,0.00362945,0.0156393
377.05,0.230275,0.00726561,0.0315414
377.1,0.232768,-0.0027036,-0.0116145
377.15,0.229556,0.00365765,0.0159322
377.2,-0.00164267,-0.000311609,-2.95412
377.25,0.22515,0.00554175,0.0246087
377.3,-0.00165147,-0.000336295,-2.94071
377.35,-0.00165475,-0.000346822,-2.93499
377.4,-0.00165691,-0.000354577,-2.93077
377.45,-0.00165912,-0.000362499,-2.92648
377.5,-0.00166116,-0.000369971,-2.92245
377.55,-0.00166222,-0.000374813,-2.91981
377.6,-0.00166218,-0.000376786,-2.91868
377.65,0.2234,-0.0227049,-0.101286
377.7,0.23292,0.00243591,0.0104577
377.75,0.228293,-0.0105462,-0.046163
377.8,0.228762,-0.0111224,-0.0485815
377.85,0.24259,-0.00600354,-0.0247426
377.9,0.234361,0.0121208,0.0516723
377.95,-0.00166474,-0.000393857,-2.90928
378,-0.00166849,-0.000404997,-2.90347
378.05,0.230745,0.00441092,0.0191137
378.1,-0.00167521,-0.000424286,-2.89354
378.15,-0.00167673,-0.000430206,-2.89044
378.2,-0.00167767,-0.000434571,-2.88813
378.25,-0.00167861,-0.000438927,-2.88584
378.3,-0.00167867,-0.000441042,-2.88467
378.35,0.232279,-0.00758234,-0.0326316
378.4,0.234913,-0.00551137,-0.023457
378.45,0.233069,0.000853198,0.00366069
378.5,0.231773,-0.00557225,-0.0240372
378.55,0.233784,-0.0107044,-0.0457554
378.6,0.240724,0.00359188,0.01492
378.65,0.234853,0.00624171,0.0265708
378.7,0.233094,0.000107739,0.000462211
378.75,0.233241,0.00999936,0.0428452
378.8,-0.00169102,-0.000486468,-2.86148
378.85,-0.00169531,-0.000499444,-2.85509
378.9,-0.00169926,-0.000511781,-2.84905
378.95,-0.00170324,-0.000524466,-2.84288
379,-0.00170729,-0.00053748,-2.8366
379.05,-0.00171036,-0.0005478,-2.83163
379.1,-0.0017125,-0.000555582,-2.82788
379.15,-0.0017137,-0.00056083,-2.82532
379.2,-0.0017139,-0.000563386,-2.824
379.25,0.234759,-0.025172,-0.106817
379.3,0.227532,-0.0207738,-0.0910482
379.35,0.235603,-0.012626,-0.0535389
379.4,0.232855,-0.00691932,-0.0297064
379.45,0.23432,-0.0017482,-0.00746059
379.5,0.233222,-0.00603505,-0.0258711
379.55,0.232277,-0.000495513,-0.00213328
379.6,0.236192,0.00534121,0.02261
379.65,0.232961,0.00847643,0.0363695
379.7,0.229726,-0.0113836,-0.0495125
379.75,0.228999,0.0167942,0.0732065
379.8,0.224474,-0.00468545,-0.02087
379.85,-0.00172462,-0.000614395,-2.79936
379.9,-0.00172797,-0.000626057,-2.794
379.95,-0.00173126,-0.000637692,-2.78867
380,-0.00173459,-0.000649693,-2.78322
380.05,-0.00173802,-0.000662438,-2.77744
380.1,-0.0017403,-0.000671486,-2.77335
380.15,-0.00174099,-0.000675578,-2.77144
380.2,-0.00174035,-0.000675964,-2.77112
380.25,-0.00173969,-0.000676292,-2.77083
380.3,-0.00173903,-0.000676618,-2.77054
380.35,0.228131,-0.00652809,-0.0286077
380.4,0.22863,-0.0157747,-0.0688872
380.45,0.230791,-0.011458,-0.0496061
380.5,0.232807,-0.00613848,-0.0263612
380.55,0.230825,-0.00171749,-0.00744054
380.6,0.23397,0.00629285,0.0268895
380.65,0.235431,0.00317685,0.013493
380.7,0.229559,0.00282155,0.0122906
380.75,0.234295,0.00275974,0.0117784
380.8,0.225275,0.0143549,0.0636356
380.85,-0.00174196,-0.00070343,-2.7578
380.9,-0.00174542,-0.000714652,-2.75297
380.95,-0.00174894,-0.000726266,-2.748
381,-0.00175255,-0.000738388,-2.74284
381.05,-0.00175623,-0.00075071,-2.73764
381.1,-0.00175957,-0.000762163,-2.73284
381.15,-0.00176264,-0.000772821,-2.72839
381.2,-0.00176545,-0.000782643,-2.72431
381.25,-0.00176795,-0.0007915,-2.72066
381.3,-0.00176945,-0.000797613,-2.7181
381.35,0.228199,-0.0130446,-0.057101
381.4,0.229758,-0.0181441,-0.0788071
381.45,0.234331,-0.0170206,-0.0725076
381.5,0.231104,-0.0094302,-0.0407824
381.55,0.232978,-0.00627006,-0.0269061
381.6,0.236347,0.00531156,0.0224697
381.65,0.236494,-0.00332943,-0.0140774
381.7,0.235085,0.00795807,0.0338389
381.75,0.230753,-0.000857844,-0.00371757
381.8,0.227151,0.0171346,0.07529
381.85,-0.00177796,-0.000838965,-2.7007
381.9,-0.00178121,-0.000850201,-2.69625
381.95,-0.00178449,-0.000861743,-2.69171
382,-0.00178791,-0.000873875,-2.68697
382.05,-0.00179117,-0.000885451,-2.68248
382.1,-0.00179292,-0.000892589,-2.67967
382.15,-0.00179369,-0.000896943,-2.6779
382.2,-0.00179354,-0.000898622,-2.67712
382.25,0.225258,-0.013584,-0.0602313
382.3,0.233328,-0.0100102,-0.0428757
382.35,0.234072,-0.0121316,-0.0517822
382.4,0.236431,-0.00501846,-0.0212227
382.45,0.239585,0.0077433,0.0323084
382.5,0.235998,0.000597914,0.00253355
382.55,0.239759,0.00586693,0.0244652
382.6,0.237378,-0.00115799,-0.00487824
382.65,0.232838,0.0163217,0.0699846
382.7,0.235285,0.00724166,0.0307686
382.75,0.232534,-0.00664,-0.0285471
382.8,-0.00181046,-0.000963834,-2.65238
382.85,-0.0018139,-0.000976438,-2.64777
382.9,-0.00181725,-0.00098887,-2.64325
382.95,-0.00182061,-0.00100156,-2.63865
383,-0.00182393,-0.00101423,-2.6341
383.05,-0.00182702,-0.0010261,-2.62987
383.1,-0.00182973,-0.00103668,-2.62611
383.15,-0.00183205,-0.00104597,-2.62282
383.2,-0.00183384,-0.00105365,-2.62009
383.25,-0.00183478,-0.00105866,-2.61826
383.3,-0.00183482,-0.00106096,-2.61733
383.35,-0.0018342,-0.0010613,-2.61704
383.4,0.235063,-0.00179303,-0.00762774
383.45,0.235929,0.00124382,0.00527196
383.5,0.235087,0.0114498,0.0486661
383.55,0.24536,0.0110686,0.045081
383.6,0.235922,0.0229557,0.0969969
383.65,0.239071,0.0209288,0.0873195
383.7,0.243621,0.0251735,0.102965
383.75,0.2426,0.0272988,0.112055
383.8,0.243292,0.0294178,0.120331
383.85,0.234964,0.0289643,0.122653
383.9,0.233667,0.0287663,0.122491
383.95,0.23375,0.0308259,0.131119
384,0.239581,0.0219178,0.0912297
384.05,-0.00185087,-0.00112572,-2.59516
384.1,-0.0018543,-0.00113774,-2.59126
384.15,-0.0018576,-0.00114973,-2.58737
384.2,-0.00186093,-0.00116185,-2.58347
384.25,-0.00186334,-0.00117122,-2.58044
384.3,-0.00186422,-0.00117598,-2.57882
384.35,-0.00186425,-0.00117821,-2.57797
384.4,0.225599,0.011883,0.0526247
384.45,0.235088,0.0198481,0.0842287
384.5,0.237927,0.0238769,0.100019
384.55,0.245246,0.0321936,0.130524
384.6,0.243728,0.0370104,0.1507
384.65,0.246025,0.0396808,0.159911
384.7,0.239584,0.0439374,0.181375
384.75,0.233014,0.0391766,0.166572
384.8,-0.00187143,-0.00121088,-2.56731
384.85,-0.00187488,-0.0012225,-2.56379
384.9,-0.00187777,-0.00123285,-2.56063
384.95,-0.0018805,-0.00124289,-2.55757
385,-0.00188305,-0.00125237,-2.55469
385.05,-0.00188446,-0.00125858,-2.55276
385.1,-0.00188436,-0.00126029,-2.5521
385.15,0.229329,0.0284508,0.123431
385.2,0.235183,0.0365429,0.154148
385.25,0.243484,0.0432537,0.175811
385.3,0.253835,0.0489287,0.190422
385.35,0.244207,0.0557149,0.224307
385.4,0.235357,0.0570533,0.237824
385.45,0.239808,0.0574295,0.235054
385.5,0.218983,0.0508469,0.228153
385.55,-0.00189253,-0.00129445,-2.5417
385.6,-0.00189554,-0.0013046,-2.5388
385.65,-0.00189855,-0.00131507,-2.5358
385.7,-0.00190173,-0.00132622,-2.53263
385.75,-0.00190494,-0.00133757,-2.52942
385.8,-0.00190747,-0.00134699,-2.52674
385.85,-0.00190961,-0.00135517,-2.52442
385.9,-0.00191061,-0.00135979,-2.52305
385.95,-0.00191068,-0.00136183,-2.52236
386,-0.00191005,-0.00136207,-2.52212
386.05,0.241357,0.0557991,0.227197
386.1,0.235829,0.0604863,0.251071
386.15,0.243295,0.0683776,0.27398
386.2,0.241575,0.0754797,0.302838
386.25,0.24495,0.0800918,0.316015
386.3,0.234252,0.0809305,0.332647
386.35,0.232213,0.080732,0.334592
386.4,0.240288,0.0801544,0.321969
386.45,-0.00192074,-0.00139823,-2.51234
386.5,-0.0019239,-0.00140779,-2.50988
386.55,-0.00192705,-0.00141762,-2.50734
386.6,-0.00193046,-0.00142805,-2.50469
386.65,-0.00193394,-0.00143873,-2.50199
386.7,-0.00193593,-0.00144579,-2.50013
386.75,-0.00193617,-0.00144845,-2.49931
386.8,-0.00193563,-0.00144883,-2.49905
386.85,0.261157,0.0837808,0.310435
386.9,0.2352,0.0814647,0.333431
386.95,0.238365,0.0889162,0.357039
387,0.245723,0.0955846,0.370982
387.05,0.238136,0.098851,0.393458
387.1,0.23595,0.10335,0.412842
387.15,0.242855,0.109571,0.423835
387.2,0.224945,0.0995929,0.416804
387.25,0.224848,0.0968046,0.406549
387.3,-0.00194823,-0.00148661,-2.48979
387.35,-0.0019515,-0.00149565,-2.48767
387.4,-0.00195465,-0.00150467,-2.48555
387.45,-0.00195805,-0.00151408,-2.48337
387.5,-0.00196064,-0.00152182,-2.48154
387.55,-0.00196201,-0.00152654,-2.48038
387.6,-0.0019622,-0.00152848,-2.47981
387.65,-0.00196158,-0.00152864,-2.47961
387.7,0.243054,0.0994024,0.388217
387.75,0.236336,0.102681,0.409864
387.8,0.240628,0.113227,0.439811
387.85,0.237492,0.115566,0.452879
387.9,0.235412,0.119562,0.469935
387.95,0.232949,0.122473,0.484035
388,0.228868,0.121902,0.489408
388.05,0.221627,0.11925,0.493637
388.1,0.234804,0.127408,0.497154
388.15,0.226095,0.121616,0.493505
388.2,0.20193,0.106585,0.485664
388.25,-0.00197734,-0.00157038,-2.47041
388.3,-0.00198117,-0.00157965,-2.46848
388.35,-0.00198441,-0.00158801,-2.4667
388.4,-0.00198733,-0.00159572,-2.46506
388.45,-0.00198919,-0.00160101,-2.4639
388.5,-0.0019898,-0.00160362,-2.46325
388.55,-0.00198929,-0.00160395,-2.46303
388.6,0.232951,0.114716,0.457588
388.65,0.248422,0.131144,0.485725
388.7,0.23643,0.1334,0.513698
388.75,0.231943,0.136609,0.532275
388.8,0.230381,0.140563,0.547838
388.85,0.231468,0.144025,0.556601
388.9,0.23581,0.148008,0.560507
388.95,0.239376,0.151468,0.564161
389,0.212035,0.132586,0.558816
389.05,-0.0020003,-0.00163168,-2.45734
389.1,-0.00200384,-0.00163952,-2.45586
389.15,-0.00200702,-0.00164696,-2.45442
389.2,-0.00200978,-0.00165357,-2.45313
389.25,-0.00200897,-0.0016582,-2.45156
389.3,-0.00200697,-0.0016602,-2.45047
389.35,-0.00200404,-0.0016605,-2.44967
389.4,0.20863,0.121794,0.52841
389.45,0.233453,0.142318,0.547466
389.5,0.233512,0.150653,0.572967
389.55,0.229261,0.158366,0.604502
389.6,0.223628,0.156855,0.611672
389.65,0.227176,0.163082,0.622615
389.7,0.22706,0.162339,0.620696
389.75,0.222742,0.161523,0.62741
389.8,0.203365,0.146753,0.625093
389.85,-0.00199085,-0.00168417,-2.43945
389.9,-0.00199281,-0.00169217,-2.4376
389.95,-0.00199439,-0.00169981,-2.43577
390,-0.00199589,-0.00170738,-2.43395
390.05,-0.00199618,-0.0017129,-2.43242
390.1,-0.00199416,-0.00171454,-2.43145
390.15,-0.00199134,-0.00171472,-2.43069
390.2,0.21087,0.144054,0.599323
390.25,0.231033,0.163873,0.616942
390.3,0.232643,0.173251,0.640105
390.35,0.222135,0.173609,0.663388
390.4,0.223128,0.179564,0.677636
390.45,0.22048,0.177549,0.677953
390.5,0.195027,0.156664,0.676748
390.55,-0.00198102,-0.00173022,-2.42367
390.6,-0.00198277,-0.00173684,-2.42222
390.65,-0.00198459,-0.0017437,-2.42072
390.7,-0.00198653,-0.00175081,-2.41918
390.75,-0.00198733,-0.0017563,-2.41783
390.8,-0.00198634,-0.00175908,-2.4168
390.85,-0.00198369,-0.00175932,-2.41607
390.9,0.18322,0.136182,0.639181
390.95,0.207303,0.162636,0.665239
391,0.223948,0.184924,0.690244
391.05,0.212304,0.185593,0.718367
391.1,0.203329,0.180876,0.727024
391.15,0.187751,0.170007,0.73584
391.2,-0.00197563,-0.00177123,-2.41069
391.25,-0.00197764,-0.00177728,-2.4095
391.3,-0.00197964,-0.0017835,-2.40827
391.35,-0.00198146,-0.00178956,-2.40704
391.4,-0.00198151,-0.00179319,-2.40604
391.45,-0.00197994,-0.0017946,-2.40526
391.5,-0.00197761,-0.00179501,-2.40456
391.55,0.197046,0.171701,0.716774
391.6,0.210522,0.190103,0.734475
391.65,0.211965,0.200589,0.757831
391.7,0.204742,0.207445,0.791956
391.75,0.193797,0.19728,0.794305
391.8,0.188811,0.195166,0.801948
391.85,0.165148,0.167831,0.793456
391.9,-0.00197363,-0.00181006,-2.3994
391.95,-0.00197553,-0.00181584,-2.39829
392,-0.00197742,-0.00182179,-2.39714
392.05,-0.00197923,-0.00182774,-2.39597
392.1,-0.00198086,-0.00183345,-2.39482
392.15,-0.00198098,-0.00183725,-2.39382
392.2,-0.00197943,-0.00183899,-2.39296
392.25,-0.00197664,-0.0018393,-2.39217
392.3,0.162528,0.153032,0.755314
392.35,0.184976,0.186148,0.788556
392.4,0.190721,0.201787,0.813583
392.45,0.190459,0.214119,0.843812
392.5,0.17352,0.194537,0.84244
392.55,0.16075,0.186334,0.858975
392.6,-0.00196778,-0.00184831,-2.38749
392.65,-0.00197013,-0.00185321,-2.38677
392.7,-0.00197257,-0.0018583,-2.38601
392.75,-0.00197444,-0.001863,-2.38523
392.8,-0.00197441,-0.00186577,-2.38448
392.85,-0.00197209,-0.00186632,-2.38374
392.9,-0.00196919,-0.00186635,-2.383
392.95,0.159859,0.174322,0.82865
393,0.181456,0.207983,0.853408
393.05,0.185499,0.219282,0.868666
393.1,0.175764,0.216715,0.889362
393.15,0.175101,0.225982,0.911584
393.2,0.16094,0.20944,0.915605
393.25,0.143416,0.182596,0.905004
393.3,-0.00196517,-0.00187789,-2.3789
393.35,-0.00196822,-0.00188258,-2.37843
393.4,-0.00197103,-0.00188718,-2.37792
393.45,-0.00197299,-0.00189118,-2.37736
393.5,-0.00197274,-0.00189319,-2.37677
393.55,-0.00197041,-0.00189352,-2.37609
393.6,0.153856,0.176343,0.853394
393.65,0.159837,0.195093,0.884406
393.7,0.159585,0.203899,0.906713
393.75,0.149227,0.200779,0.931634
393.8,0.145455,0.194044,0.92755
393.85,-0.00196293,-0.00189762,-2.37311
393.9,-0.00196598,-0.00190133,-2.37291
393.95,-0.00196899,-0.00190509,-2.37269
394,-0.00197168,-0.00190872,-2.37242
394.05,-0.00197136,-0.00191024,-2.37194
394.1,-0.00196872,-0.00191022,-2.37128
394.15,0.152699,0.198135,0.914189
394.2,0.143467,0.194678,0.935701
394.25,0.1551,0.220695,0.958208
394.3,0.145101,0.212459,0.971598
394.35,0.145471,0.218332,0.983059
394.4,0.125879,0.193582,0.994238
394.45,-0.00196486,-0.00191606,-2.36877
394.5,-0.00196832,-0.00191956,-2.36873
394.55,-0.00197158,-0.00192299,-2.36867
394.6,-0.00197439,-0.00192631,-2.36852
394.65,-0.00197501,-0.00192823,-2.36818
394.7,-0.00197344,-0.00192871,-2.36766
394.75,0.134571,0.177731,0.922729
394.8,0.133037,0.19032,0.960731
394.85,0.135216,0.206053,0.990061
394.9,0.128317,0.198111,0.99604
394.95,0.127719,0.209908,1.02418
395,-0.00196783,-0.00193141,-2.36554
395.05,-0.00197123,-0.00193429,-2.36565
395.1,-0.00197495,-0.00193742,-2.36579
395.15,-0.00197835,-0.00194054,-2.36584
395.2,-0.00197919,-0.00194213,-2.36564
395.25,-0.00197733,-0.00194231,-2.36513
395.3,-0.00197481,-0.00194216,-2.36453
395.35,-0.0019723,-0.001942,-2.36393
395.4,0.126892,0.204376,1.01517
395.45,0.13687,0.226291,1.02682
395.5,0.135642,0.23547,1.04818
395.55,0.132893,0.254944,1.09028
395.6,0.123302,0.235208,1.08796
395.65,0.114868,0.230535,1.10854
395.7,0.109161,0.215081,1.10114
395.75,-0.00197475,-0.00194623,-2.36347
395.8,-0.00197896,-0.00194874,-2.36389
395.85,-0.00198325,-0.0019514,-2.36429
395.9,-0.00198776,-0.00195426,-2.36469
395.95,-0.00199063,-0.00195645,-2.36485
396,-0.00199121,-0.00195756,-2.36472
396.05,-0.00198977,-0.00195771,-2.36432
396.1,-0.00198744,-0.00195753,-2.36377
396.15,-0.00198533,-0.00195742,-2.36327
396.2,0.113402,0.207702,1.07104
396.25,0.120158,0.227714,1.08526
396.3,0.120955,0.247791,1.11669
396.35,0.113667,0.241465,1.13083
396.4,0.107706,0.233318,1.13831
396.45,0.101725,0.23095,1.1559
396.5,0.0970136,0.225767,1.16495
396.55,0.0949984,0.202151,1.13149
396.6,-0.00199664,-0.00196171,-2.36502
396.65,-0.00200137,-0.00196397,-2.36562
396.7,-0.00200601,-0.00196633,-2.36618
396.75,-0.00201071,-0.00196886,-2.36671
396.8,-0.00201351,-0.00197067,-2.36695
396.85,-0.00201543,-0.00197205,-2.36707
396.9,-0.00201669,-0.00197307,-2.36713
396.95,-0.00201727,-0.00197374,-2.3671
397,-0.00201715,-0.00197409,-2.36698
397.05,-0.00201646,-0.00197421,-2.36678
397.1,0.0977123,0.204122,1.12434
397.15,0.096826,0.213322,1.14471
397.2,0.0945248,0.221077,1.16676
397.25,0.0910578,0.219279,1.1772
397.3,0.0804434,0.218965,1.21872
397.35,-0.00201584,-0.00197324,-2.36687
397.4,-0.00202083,-0.00197416,-2.36788
397.45,-0.00202575,-0.00197521,-2.36883
397.5,-0.00203004,-0.00197617,-2.36964
397.55,-0.00203148,-0.00197649,-2.36991
397.6,-0.00203001,-0.00197627,-2.36961
397.65,0.0950435,0.228563,1.17672
397.7,0.0867735,0.224543,1.20203
397.75,0.0890632,0.236159,1.21016
397.8,0.0831007,0.232911,1.22808
397.85,0.0807151,0.238499,1.24447
397.9,0.0745898,0.227623,1.25413
397.95,0.0791726,0.226104,1.23398
398,-0.00203964,-0.00197538,-2.3722
398.05,-0.00204532,-0.00197649,-2.37331
398.1,-0.00205106,-0.00197773,-2.37439
398.15,-0.00205681,-0.00197918,-2.37543
398.2,-0.00206113,-0.00198036,-2.37618
398.25,-0.00206323,-0.00198087,-2.37656
398.3,-0.00206407,-0.00198071,-2.3768
398.35,-0.00206324,-0.00198018,-2.37673
398.4,-0.00206131,-0.00197989,-2.37634
398.45,-0.0020593,-0.00197957,-2.37593
398.5,0.0742591,0.214663,1.23775
398.55,0.0763536,0.230952,1.2515
398.6,0.0725594,0.232512,1.26831
398.65,0.0681899,0.235618,1.28908
398.7,0.0646135,0.225118,1.29129
398.75,0.0640257,0.228974,1.29814
398.8,-0.00206727,-0.00197694,-2.37853
398.85,-0.00207368,-0.00197738,-2.37996
398.9,-0.00207986,-0.00197791,-2.38131
398.95,-0.00208601,-0.00197839,-2.38267
399,-0.00209246,-0.0019789,-2.38408
399.05,-0.00209896,-0.00197941,-2.3855
399.1,-0.0021054,-0.00198009,-2.38686
399.15,-0.00211173,-0.00198084,-2.38817
399.2,-0.00211685,-0.00198152,-2.3892
399.25,-0.00211835,-0.00198166,-2.38952
399.3,-0.00211696,-0.00198134,-2.38928
399.35,-0.00211532,-0.001981,-2.38897
399.4,-0.00211369,-0.00198067,-2.38867
399.45,-0.00211206,-0.00198033,-2.38837
399.5,-0.00211043,-0.00197999,-2.38807
399.55,0.0616412,0.218453,1.29578
399.6,0.0595306,0.230074,1.3176
399.65,0.0533373,0.233497,1.34622
399.7,0.0498681,0.243696,1.36895
399.75,0.0469087,0.232047,1.37133
399.8,0.0475962,0.234783,1.37078
399.85,-0.00212213,-0.00197492,-2.39211
399.9,-0.0021294,-0.00197437,-2.39395
399.95,-0.00213658,-0.00197385,-2.39576
400,-0.00214383,-0.00197342,-2.39756
400.05,-0.00214947,-0.0019731,-2.39895
400.1,-0.002153,-0.00197279,-2.39984
400.15,-0.00215532,-0.00197245,-2.40047
400.2,-0.00215651,-0.00197205,-2.40084
400.25,0.0569242,0.240535,1.33842
400.3,0.0479226,0.228331,1.36392
400.35,0.0484772,0.231061,1.36399
400.4,0.0372724,0.241335,1.41756
400.45,0.0439991,0.229811,1.38163
400.5,-0.00216345,-0.00196786,-2.4035
400.55,-0.00217079,-0.00196704,-2.4054
400.6,-0.00217839,-0.00196631,-2.40732
400.65,-0.00218625,-0.00196575,-2.40925
400.7,-0.00219338,-0.0019652,-2.41101
400.75,-0.00219929,-0.00196475,-2.41246
400.8,-0.00220217,-0.00196433,-2.41321
400.85,-0.00220251,-0.00196393,-2.41339
400.9,-0.00220116,-0.00196357,-2.41318
400.95,-0.00219976,-0.0019632,-2.41296
401,0.0497366,0.235617,1.36276
401.05,0.0328566,0.231189,1.42962
401.1,0.0279638,0.235823,1.45277
401.15,0.0312376,0.229712,1.43564
401.2,0.0263232,0.229432,1.45656
401.25,0.0280376,0.230199,1.4496
401.3,0.0208177,0.224314,1.47826
401.35,-0.00222093,-0.00195506,-2.41977
401.4,-0.00222897,-0.00195407,-2.42182
401.45,-0.00223709,-0.00195313,-2.42386
401.5,-0.00224535,-0.00195233,-2.42589
401.55,-0.0022522,-0.00195176,-2.42754
401.6,-0.00225788,-0.00195122,-2.42892
401.65,-0.00226205,-0.00195072,-2.42996
401.7,-0.00226536,-0.00195017,-2.43082
401.75,-0.00226779,-0.00194959,-2.4315
401.8,-0.00226933,-0.001949,-2.43199
401.85,-0.00226998,-0.00194843,-2.43227
401.9,-0.00226979,-0.0019479,-2.43237
401.95,0.0335717,0.227077,1.42402
402,0.0382349,0.238258,1.41168
402.05,0.0230025,0.23427,1.47292
402.1,0.0224641,0.229599,1.47327
402.15,0.0131059,0.236533,1.51544
402.2,0.0185037,0.227231,1.48954
402.25,0.00736715,0.222976,1.53777
402.3,-0.00229299,-0.00193794,-2.43992
402.35,-0.00230153,-0.00193641,-2.44214
402.4,-0.00231017,-0.00193501,-2.44434
402.45,-0.00231836,-0.00193382,-2.44638
402.5,-0.00232377,-0.00193289,-2.44776
402.55,-0.0023254,-0.00193213,-2.4483
402.6,-0.00232505,-0.00193166,-2.44835
402.65,-0.00232469,-0.00193117,-2.4484
402.7,0.0334209,0.228111,1.42532
402.75,-0.00232379,-0.00192932,-2.44868
402.8,0.0134494,0.236607,1.51401
402.85,0.015686,0.231835,1.50324
402.9,0.016841,0.236045,1.49957
402.95,0.0165825,0.231474,1.49928
403,0.0136946,0.227686,1.51072
403.05,0.00901613,0.230884,1.53177
403.1,0.0118498,0.22941,1.51919
403.15,-0.0023475,-0.0019191,-2.45627
403.2,-0.00235636,-0.00191748,-2.45853
403.25,-0.00236532,-0.00191598,-2.46077
403.3,-0.00237401,-0.00191467,-2.46289
403.35,-0.0023812,-0.00191368,-2.46462
403.4,-0.00238628,-0.00191284,-2.46588
403.45,-0.0023901,-0.00191211,-2.46684
403.5,-0.00239303,-0.00191141,-2.46762
403.55,-0.002395,-0.00191073,-2.4682
403.6,-0.00239526,-0.00191017,-2.46839
403.65,-0.00239433,-0.00190976,-2.46831
403.7,-0.00239328,-0.00190937,-2.46819
403.75,-0.00239223,-0.00190898,-2.46808
403.8,0.0260209,0.231956,1.45908
403.85,0.0198002,0.227441,1.48396
403.9,0.0214329,0.231028,1.47829
403.95,0.00586494,0.230115,1.54531
404,0.0019434,0.229749,1.56234
404.05,0.00678139,0.229515,1.54126
404.1,0.00162073,0.23124,1.56379
404.15,-0.00463055,0.225378,1.59134
404.2,-0.00241174,-0.0018977,-2.47491
404.25,-0.00242157,-0.00189557,-2.47744
404.3,-0.00243105,-0.00189352,-2.47986
404.35,-0.0024395,-0.00189175,-2.48199
404.4,-0.00244699,-0.00189021,-2.48387
404.45,-0.00245368,-0.00188879,-2.48555
404.5,-0.00245704,-0.00188785,-2.48646
404.55,-0.00245865,-0.00188718,-2.48694
404.6,-0.00245887,-0.00188663,-2.48712
404.65,-0.00245799,-0.00188624,-2.48706
404.7,0.0290002,0.226861,1.44365
404.75,-0.00245589,-0.00188467,-2.48704
404.8,0.0223463,0.223382,1.47109
404.85,-0.00245512,-0.00188288,-2.48735
404.9,0.00874858,0.235044,1.53359
404.95,-0.00245606,-0.00188069,-2.4881
405,0.0173577,0.225196,1.49387
405.05,0.00769876,0.223168,1.53631
405.1,0.00929497,0.229271,1.53028
405.15,-0.00398891,0.234199,1.58783
405.2,0.00999288,0.232412,1.52783
405.25,-0.00242405,0.226784,1.58148
405.3,-0.00230298,0.231538,1.58074
405.35,-0.00248253,-0.00186933,-2.49618
405.4,-0.00249337,-0.00186718,-2.49882
405.45,-0.00250415,-0.00186509,-2.50143
405.5,-0.00251418,-0.00186314,-2.50384
405.55,-0.002524,-0.00186126,-2.50619
405.6,-0.00253386,-0.00185938,-2.50853
405.65,-0.00254375,-0.00185751,-2.51087
405.7,-0.00255353,-0.00185566,-2.51317
405.75,-0.00256309,-0.00185387,-2.5154
405.8,-0.00257238,-0.00185212,-2.51757
405.85,-0.00258136,-0.00185043,-2.51965
405.9,-0.00259001,-0.00184881,-2.52165
405.95,-0.00259829,-0.00184725,-2.52356
406,-0.00260618,-0.00184576,-2.52537
406.05,-0.00261366,-0.00184434,-2.52708
406.1,-0.0026207,-0.001843,-2.52869
406.15,-0.00262642,-0.00184187,-2.53001
406.2,-0.00262985,-0.00184111,-2.53081
406.25,-0.00263102,-0.00184067,-2.53113
406.3,-0.00263058,-0.0018403,-2.53115
406.35,-0.00262983,-0.00183993,-2.53111
406.4,-0.00262909,-0.00183957,-2.53107
406.45,-0.00262835,-0.00183919,-2.53103
406.5,-0.00262761,-0.00183882,-2.531
406.55,-0.00262687,-0.00183844,-2.53096
406.6,-0.00262613,-0.00183806,-2.53093
406.65,-0.0026254,-0.00183767,-2.53089
406.7,-0.00262466,-0.00183729,-2.53086
406.75,-0.00262393,-0.0018369,-2.53083
406.8,0.00882355,0.236584,1.53352
406.85,-0.00262221,-0.00183532,-2.53092
406.9,0.0155863,0.224806,1.50158
406.95,0.00317795,0.22373,1.55659
407,0.00983035,0.230537,1.52818
407.05,-0.00346645,0.229823,1.58588
407.1,0.0164514,0.229177,1.49913
407.15,-0.00885233,0.23127,1.60905
407.2,-0.0109026,0.223375,1.61957
407.25,-0.00301338,0.22483,1.5842
407.3,-0.00266743,-0.00181832,-2.54327
407.35,-0.00267816,-0.00181619,-2.54568
407.4,-0.00268894,-0.00181419,-2.54806
407.45,-0.00269912,-0.00181243,-2.55026
407.5,-0.00270734,-0.00181102,-2.55202
407.55,-0.00271503,-0.00180971,-2.55367
407.6,-0.00272099,-0.00180856,-2.55497
407.65,-0.00272503,-0.0018077,-2.55588
407.7,-0.00272802,-0.00180692,-2.55658
407.75,-0.00272996,-0.00180623,-2.55708
407.8,-0.00273083,-0.00180565,-2.55738
407.85,-0.00273098,-0.00180515,-2.55753
407.9,-0.00273111,-0.00180465,-2.55768
407.95,-0.00273124,-0.00180412,-2.55784
408,-0.00273136,-0.00180359,-2.55799
408.05,0.0202424,0.227952,1.48223
408.1,-0.00273126,-0.0018017,-2.55846
408.15,0.00556536,0.22348,1.5459
408.2,-0.00273259,-0.00179938,-2.55927
408.25,0.0105095,0.224945,1.52411
408.3,-0.00273526,-0.00179669,-2.56041
408.35,0.00136674,0.229837,1.56485
408.4,-0.00273809,-0.00179392,-2.56159
408.45,-0.00480767,0.227797,1.5919
408.5,0.0295432,0.222004,1.4385
408.55,0.00604894,0.230057,1.54451
408.6,0.0171207,0.226674,1.49541
408.65,-0.00447446,0.243237,1.58919
408.7,-0.00276191,-0.00178354,-2.5682
408.75,-0.00277275,-0.00178086,-2.57067
408.8,-0.00278337,-0.00177843,-2.57302
408.85,-0.00279097,-0.00177657,-2.57474
408.9,-0.00279372,-0.00177559,-2.57543
408.95,-0.00279387,-0.0017751,-2.57558
409,-0.00279394,-0.00177461,-2.57572
409.05,-0.002794,-0.00177412,-2.57585
409.1,-0.00279406,-0.00177361,-2.57599
409.15,-0.00279411,-0.0017731,-2.57613
409.2,-0.0162909,0.232705,1.64069
409.25,0.00210546,0.226899,1.56152
409.3,-0.0120506,0.229247,1.62331
409.35,0.00160063,0.227244,1.56375
409.4,0.000353136,0.230677,1.56927
409.45,-0.000514393,0.227866,1.57305
409.5,0.000944468,0.228949,1.56667
409.55,-0.00283663,-0.00175891,-2.58655
409.6,-0.00284804,-0.00175693,-2.58885
409.65,-0.00285952,-0.0017551,-2.59111
409.7,-0.00287011,-0.00175355,-2.59315
409.75,-0.00287684,-0.00175249,-2.59446
409.8,-0.00288118,-0.00175176,-2.59531
409.85,-0.00288441,-0.00175111,-2.59597
409.9,-0.0028865,-0.00175053,-2.59644
409.95,-0.00288743,-0.00175004,-2.59671
410,-0.00288762,-0.00174963,-2.59684
410.05,-0.00288781,-0.0017492,-2.59698
410.1,-0.00288799,-0.00174877,-2.59712
410.15,-0.00288816,-0.00174832,-2.59726
410.2,-0.00288832,-0.00174786,-2.5974
410.25,-0.0028885,-0.00174739,-2.59754
410.3,-0.00288867,-0.00174691,-2.59769
410.35,-0.00288883,-0.00174643,-2.59784
410.4,-0.00288899,-0.00174593,-2.59799
410.45,-0.00288914,-0.00174543,-2.59814
410.5,-0.00288928,-0.00174491,-2.59829
410.55,0.0107222,0.227779,1.52376
410.6,-0.00522874,0.224483,1.59408
410.65,0.0199448,0.239449,1.48769
410.7,-0.00112415,0.230582,1.57567
410.75,-0.0187165,0.231417,1.6515
410.8,-0.00290881,-0.00173585,-2.60356
410.85,-0.00292024,-0.00173301,-2.606
410.9,-0.00293198,-0.00173039,-2.60843
410.95,-0.00294187,-0.0017282,-2.61045
411,-0.00294947,-0.00172642,-2.61203
411.05,-0.0029565,-0.00172483,-2.61347
411.1,-0.00296179,-0.00172351,-2.61458
411.15,-0.00296414,-0.00172268,-2.61513
411.2,-0.00296489,-0.00172214,-2.61538
411.25,-0.00296509,-0.0017217,-2.61552
411.3,-0.00296473,-0.00172135,-2.61555
411.35,-0.00296438,-0.00172099,-2.61559
411.4,-0.00296402,-0.00172064,-2.61563
411.45,-0.00296367,-0.00172028,-2.61567
411.5,-0.00296331,-0.00171992,-2.61571
411.55,-0.00296296,-0.00171955,-2.61575
411.6,-0.020474,0.226146,1.66108
411.65,0.00406806,0.226981,1.55288
411.7,0.00279521,0.225182,1.55838
411.75,0.00111996,0.228893,1.5659
411.8,0.00469592,0.23078,1.55045
411.85,-0.00977928,0.227682,1.61372
411.9,-0.00272618,0.233526,1.58247
411.95,-0.0144413,0.227782,1.63411
412,-0.0186063,0.223966,1.65368
412.05,-0.00299534,-0.00170587,-2.6239
412.1,-0.00300854,-0.00170309,-2.62648
412.15,-0.00302077,-0.00170066,-2.62883
412.2,-0.00302928,-0.00169881,-2.6305
412.25,-0.00303485,-0.00169745,-2.63162
412.3,-0.00303594,-0.00169685,-2.63193
412.35,-0.00303594,-0.00169647,-2.63202
412.4,-0.003036,-0.00169607,-2.63213
412.45,-0.00303552,-0.00169576,-2.63214
412.5,-0.00303548,-0.00169538,-2.63223
412.55,-0.0030354,-0.001695,-2.63232
412.6,-0.00303539,-0.00169461,-2.63241
412.65,0.0203857,0.224753,1.48034
412.7,0.00149387,0.225899,1.56418
412.75,-0.003035,-0.00169257,-2.63287
412.8,-0.00303799,-0.00169149,-2.63356
412.85,0.00349986,0.227643,1.55542
412.9,-0.00419328,0.227553,1.58922
412.95,-0.00304951,-0.00168717,-2.63625
413,-0.00305401,-0.00168594,-2.63719
413.05,-0.00306096,-0.00168428,-2.63856
413.1,-0.00306481,-0.0016832,-2.63936
413.15,-0.00306672,-0.00168247,-2.63981
413.2,-0.00306677,-0.00168208,-2.63991
413.25,0.0183479,0.224713,1.48933
413.3,0.0198078,0.226656,1.48363
413.35,-0.0110128,0.223626,1.62
413.4,-0.00306854,-0.00167923,-2.64087
413.45,-0.00307658,-0.0016774,-2.64243
413.5,-0.0030855,-0.00167552,-2.64412
413.55,-0.00309011,-0.00167434,-2.64504
413.6,-0.00309171,-0.00167366,-2.64542
413.65,-0.00309179,-0.00167328,-2.64553
413.7,-0.00309152,-0.00167295,-2.64558
413.75,-0.00309135,-0.00167262,-2.64564
413.8,-0.00309128,-0.00167226,-2.64572
413.85,0.012243,0.223129,1.51598
413.9,-0.00309076,-0.00167074,-2.64603
413.95,-0.0128183,0.229691,1.62655
414,-0.00309307,-0.00166869,-2.64685
414.05,-0.00382251,0.236715,1.58694
414.1,-0.00309659,-0.00166635,-2.64791
414.15,0.0188781,0.22389,1.48668
414.2,-0.00309921,-0.00166424,-2.64879
414.25,-0.00309992,-0.00166376,-2.64901
414.3,-0.00310218,-0.00166295,-2.64952
414.35,-0.00310229,-0.00166256,-2.64963
414.4,0.0109304,0.223465,1.52192
414.45,-0.00310162,-0.00166109,-2.64991
414.5,-0.000899493,0.223732,1.57482
414.55,-0.00849553,0.224684,1.60859
414.6,-0.00310426,-0.00165852,-2.6509
414.65,0.0159489,0.223386,1.49952
414.7,-0.00311549,-0.00165474,-2.65335
414.75,-0.00311877,-0.00165385,-2.65401
414.8,-0.00312234,-0.00165289,-2.65472
414.85,-0.00312332,-0.00165239,-2.65498
414.9,-0.00312311,-0.00165209,-2.65502
414.95,-0.0031231,-0.00165176,-2.65511
415,-0.00312297,-0.00165145,-2.65516
415.05,-0.00312282,-0.00165115,-2.65522
415.1,-0.00312265,-0.00165085,-2.65527
415.15,-0.00312257,-0.00165053,-2.65534
415.2,-0.00312257,-0.00165019,-2.65543
415.25,-0.00312252,-0.00164987,-2.6555
415.3,-0.010132,0.226307,1.61554
415.35,-0.00205914,0.230072,1.57975
415.4,-0.00580077,0.226152,1.59644
415.45,0.0109888,0.235928,1.52425
415.5,-0.00168111,0.223871,1.57831
415.55,-0.00314614,-0.00164209,-2.66055
415.6,-0.00315948,-0.00163973,-2.66287
415.65,-0.00317197,-0.00163768,-2.66499
415.7,-0.00318049,-0.00163612,-2.66647
415.75,-0.00318511,-0.00163497,-2.66735
415.8,-0.00318825,-0.00163409,-2.66797
415.85,-0.00318814,-0.0016338,-2.66802
415.9,-0.00318812,-0.00163351,-2.6681
415.95,-0.00318799,-0.00163322,-2.66815
416,-0.00318754,-0.00163298,-2.66815
416.05,-0.0031871,-0.00163274,-2.66815
416.1,-0.00318665,-0.00163251,-2.66816
416.15,-0.00318621,-0.00163227,-2.66816
416.2,0.01684,0.231854,1.49829
416.25,-0.00318491,-0.00163102,-2.66831
416.3,-0.00318482,-0.00163078,-2.66835
416.35,-0.00318701,-0.00163011,-2.6688
416.4,-0.00318775,-0.00162967,-2.669
416.45,-0.00318764,-0.00162938,-2.66906
416.5,-0.00318767,-0.00162907,-2.66914
416.55,-0.00615428,0.226548,1.59796
416.6,-0.00318703,-0.0016277,-2.6694
416.65,-0.00318758,-0.00162732,-2.66957
416.7,-0.00319033,-0.0016265,-2.67012
416.75,-0.0031908,-0.00162611,-2.67027
416.8,-0.00319085,-0.00162579,-2.67036
416.85,-0.00066275,0.225156,1.57374
416.9,-0.00319003,-0.00162447,-2.67059
416.95,-0.00453119,0.225241,1.59091
417,0.00747489,0.226966,1.53787
417.05,0.0125707,0.224323,1.51482
417.1,-0.00319781,-0.0016207,-2.67251
417.15,-0.00320569,-0.00161897,-2.67393
417.2,-0.00321461,-0.00161719,-2.67549
417.25,-0.00321992,-0.00161598,-2.67645
417.3,-0.00322103,-0.0016155,-2.67671
417.35,-0.00322095,-0.00161522,-2.67677
417.4,-0.00322085,-0.00161494,-2.67682
417.45,-0.00322077,-0.00161466,-2.67688
417.5,-0.00322071,-0.00161437,-2.67695
417.55,-0.00322035,-0.00161414,-2.67696
417.6,-0.00321999,-0.00161391,-2.67697
417.65,-0.0101488,0.240965,1.61289
417.7,-0.00321886,-0.00161267,-2.67714
417.75,0.000309641,0.22449,1.56942
417.8,-0.00322073,-0.00161084,-2.67783
417.85,0.013947,0.225436,1.50901
417.9,-0.00579341,0.225998,1.59643
417.95,-0.00687096,0.229095,1.60078
418,-0.00322902,-0.00160712,-2.67978
418.05,-0.00323737,-0.00160539,-2.68124
418.1,-0.00324668,-0.00160359,-2.68282
418.15,-0.00325184,-0.00160245,-2.68373
418.2,-0.00325245,-0.00160207,-2.6839
418.25,-0.00325237,-0.0016018,-2.68396
418.3,-0.00325217,-0.00160155,-2.684
418.35,0.00897548,0.22368,1.53069
418.4,-0.00325114,-0.00160031,-2.68418
418.45,-0.00325113,-0.00160007,-2.68424
418.5,-0.00325234,-0.00159959,-2.6845
418.55,-0.00325263,-0.00159926,-2.68462
418.6,-0.00325235,-0.00159902,-2.68465
418.65,-0.00325207,-0.00159879,-2.68467
418.7,-0.00325178,-0.00159856,-2.68469
418.75,-0.0032515,-0.00159833,-2.68471
418.8,-0.00325121,-0.0015981,-2.68474
418.85,-0.00325093,-0.00159787,-2.68476
418.9,-0.00325064,-0.00159764,-2.68478
418.95,-0.00967825,0.230012,1.61285
419,0.00262097,0.225824,1.55919
419.05,0.00045765,0.234378,1.56884
419.1,-0.0152014,0.224274,1.63847
419.15,-0.00326156,-0.00159292,-2.68727
419.2,-0.00327296,-0.00159073,-2.68919
419.25,-0.0032845,-0.00158867,-2.69108
419.3,-0.00329255,-0.00158705,-2.69244
419.35,-0.0032977,-0.00158583,-2.69335
419.4,-0.00329848,-0.00158544,-2.69354
419.45,-0.00329857,-0.00158516,-2.69362
419.5,-0.00329851,-0.0015849,-2.69367
419.55,-0.00329835,-0.00158466,-2.69371
419.6,-0.00329844,-0.00158438,-2.6938
419.65,-0.00329851,-0.0015841,-2.69387
419.7,-0.00329857,-0.00158382,-2.69395
419.75,-0.00329855,-0.00158356,-2.69401
419.8,-0.0032987,-0.00158326,-2.6941
419.85,-0.00329876,-0.00158298,-2.69418
419.9,-0.00329874,-0.00158272,-2.69424
419.95,-0.00329883,-0.00158243,-2.69432
420,-0.0027124,0.225029,1.58285
420.05,-0.00329868,-0.00158106,-2.69464
420.1,-0.00329916,-0.00158069,-2.69479
420.15,-0.0033021,-0.00157986,-2.69534
420.2,-0.00564804,0.241454,1.59418
420.25,-0.00330287,-0.00157833,-2.69581
420.3,0.000459195,0.225214,1.56876
420.35,0.0113961,0.225168,1.52023
420.4,-0.00331808,-0.00157447,-2.69854
420.45,-0.0112747,0.223688,1.62116
420.5,-0.00333699,-0.00157002,-2.70183
420.55,-0.0033432,-0.00156891,-2.70282
420.6,-0.00334966,-0.00156779,-2.70383
420.65,-0.00335234,-0.00156713,-2.7043
420.7,-0.00335293,-0.00156679,-2.70445
420.75,-0.00335308,-0.00156653,-2.70453
420.8,-0.00335316,-0.00156629,-2.7046
420.85,-0.00335319,-0.00156604,-2.70467
420.9,-0.00335323,-0.0015658,-2.70473
420.95,-0.00335338,-0.00156554,-2.70481
421,-0.00335365,-0.00156526,-2.70491
421.05,-0.00335389,-0.00156498,-2.70501
421.1,-0.00335402,-0.00156472,-2.70508
421.15,-0.00335415,-0.00156446,-2.70516
421.2,-0.00335424,-0.0015642,-2.70524
421.25,-0.00335434,-0.00156393,-2.70531
421.3,-0.00335418,-0.00156288,-2.70555
421.35,-0.00374874,0.229738,1.58711
421.4,-0.00100827,0.229246,1.57519
421.45,-0.00338194,-0.00155604,-2.71037
421.5,-0.00339589,-0.00155307,-2.71265
421.55,-0.00340753,-0.00155064,-2.71454
421.6,-0.00342102,-0.00154796,-2.71667
421.65,-0.00106955,0.229438,1.57546
421.7,-0.00274307,0.236784,1.58238
421.75,-0.0121184,0.225879,1.62439
421.8,-0.00347578,-0.00153595,-2.7255
421.85,-0.00348799,-0.00153361,-2.72735
421.9,-0.0035005,-0.00153155,-2.72916
421.95,-0.00351236,-0.00152966,-2.73085
422,-0.00351889,-0.00152842,-2.73183
422.05,-0.00352243,-0.00152769,-2.73237
422.1,-0.0035248,-0.0015271,-2.73276
422.15,-0.00352717,-0.00152651,-2.73314
422.2,-0.00352955,-0.00152593,-2.73353
422.25,-0.00353192,-0.00152534,-2.73391
422.3,-0.0035343,-0.00152476,-2.7343
422.35,-0.00353668,-0.00152417,-2.73468
422.4,-0.00353907,-0.00152359,-2.73507
422.45,-0.00354145,-0.00152301,-2.73545
422.5,-0.00354384,-0.00152243,-2.73583
422.55,-0.00354623,-0.00152184,-2.73622
422.6,-0.00354863,-0.00152126,-2.7366
422.65,-0.00355102,-0.00152068,-2.73698
422.7,-0.00355342,-0.0015201,-2.73737
422.75,-0.00355583,-0.00151952,-2.73775
422.8,-0.00355823,-0.00151894,-2.73813
422.85,-0.00356064,-0.00151836,-2.73851
422.9,-0.00356305,-0.00151779,-2.73889
422.95,0.00251001,0.228994,1.55984
423,-0.0035674,-0.00151586,-2.73979
423.05,-0.00356899,-0.00151548,-2.74004
423.1,-0.00357264,-0.00151474,-2.74058
423.15,-0.00357334,-0.00151442,-2.74073
423.2,-0.00357382,-0.00151414,-2.74084
423.25,-0.0035743,-0.00151385,-2.74096
423.3,0.0021641,0.224761,1.56117
423.35,0.0349764,0.22325,1.41539
423.4,0.00962971,0.225447,1.52811
423.45,-0.00359078,-0.0015089,-2.74378
423.5,-0.0036018,-0.00150694,-2.74534
423.55,-0.0036145,-0.00150498,-2.74705
423.6,-0.00362686,-0.001503,-2.74873
423.65,-0.00363228,-0.00150198,-2.74949
423.7,-0.00363475,-0.0015014,-2.74987
423.75,-0.00363723,-0.00150082,-2.75025
423.8,-0.0036397,-0.00150025,-2.75062
423.85,-0.00364219,-0.00149967,-2.751
423.9,-0.00364467,-0.00149909,-2.75137
423.95,-0.00364716,-0.00149852,-2.75175
424,-0.00364965,-0.00149795,-2.75212
424.05,-0.00365215,-0.00149737,-2.7525
424.1,-0.00365464,-0.0014968,-2.75287
424.15,-0.00061888,0.225764,1.57354
424.2,0.0141786,0.223608,1.50747
424.25,0.00576308,0.232884,1.54605
424.3,-0.00366523,-0.00149356,-2.75464
424.35,-0.00367424,-0.00149218,-2.75582
424.4,-0.00368569,-0.00149056,-2.75728
424.45,-0.00369605,-0.00148917,-2.75858
424.5,-0.00370609,-0.00148784,-2.75983
424.55,-0.00371612,-0.0014865,-2.76107
424.6,-0.00372616,-0.00148517,-2.76231
424.65,-0.00373621,-0.00148383,-2.76355
424.7,-0.00374625,-0.0014825,-2.76477
424.75,-0.00375631,-0.00148117,-2.766
424.8,-0.00376548,-0.00148009,-2.76708
424.85,-0.00377084,-0.00147952,-2.76769
424.9,-0.00377194,-0.00147925,-2.76785
424.95,-0.00377283,-0.00147901,-2.76799
425,-0.00377376,-0.00147877,-2.76813
425.05,-0.00377467,-0.00147852,-2.76827
425.1,-0.00377556,-0.00147826,-2.76841
425.15,-0.00377626,-0.001478,-2.76853
425.2,-0.00377701,-0.00147774,-2.76866
425.25,-0.00377775,-0.00147746,-2.76879
425.3,-0.00377858,-0.00147716,-2.76893
425.35,-0.00377932,-0.00147687,-2.76906
425.4,-0.00378015,-0.00147656,-2.76921
425.45,-0.00378085,-0.00147626,-2.76934
425.5,-0.00378107,-0.00147521,-2.7696
425.55,0.00187338,0.226805,1.56254
425.6,-0.00379741,-0.00147189,-2.77182
425.65,0.00945583,0.23223,1.5301
425.7,-0.00382744,-0.00146598,-2.77581
425.75,-0.0169334,0.224914,1.64594
425.8,-0.0038483,-0.00146178,-2.77858
425.85,-0.00385844,-0.00145982,-2.77989
425.9,-0.00386782,-0.00145806,-2.78109
425.95,-0.00971673,0.224412,1.61407
426,-0.00389615,-0.00145289,-2.78466
426.05,-0.00391188,-0.00144992,-2.78665
426.1,-0.00392616,-0.00144722,-2.78844
426.15,-0.00371625,0.230848,1.58689
426.2,-0.00596605,0.226116,1.59718
426.25,5.58175e-05,0.233912,1.57056
426.3,-0.00295177,0.229496,1.58366
426.35,0.000137978,0.233196,1.5702
426.4,-0.00906123,0.224307,1.61117
426.45,-0.00403417,-0.00142586,-2.80185
426.5,-0.00405028,-0.00142358,-2.8036
426.55,-0.00406624,-0.00142143,-2.8053
426.6,-0.00408201,-0.0014195,-2.80693
426.65,-0.00409808,-0.001418,-2.80847
426.7,-0.00410685,-0.00141673,-2.80941
426.75,-0.00410862,-0.00141635,-2.80962
426.8,-0.004109,-0.00141614,-2.8097
426.85,-0.00410938,-0.00141593,-2.80977
426.9,-0.00410976,-0.00141572,-2.80985
426.95,-0.00410958,-0.00141476,-2.81004
427,-0.00411294,-0.00141429,-2.81039
427.05,-0.00412402,-0.00141287,-2.81153
427.1,-0.00413925,-0.00141075,-2.81312
427.15,-0.00415539,-0.0014084,-2.81481
427.2,-0.00417151,-0.00140595,-2.81651
427.25,-0.00418762,-0.0014034,-2.81822
427.3,-0.00420371,-0.00140077,-2.81994
427.35,0.00255376,0.234319,1.5599
427.4,-0.0117339,0.227198,1.6224
427.45,0.00252289,0.235768,1.5601
427.5,0.00561498,0.233026,1.54671
427.55,-0.00428387,-0.00138653,-2.82857
427.6,-0.00430038,-0.00138375,-2.83028
427.65,-0.00431611,-0.00138134,-2.83185
427.7,-0.00433137,-0.00137925,-2.83331
427.75,-0.00434651,-0.00137728,-2.83473
427.8,-0.00436255,-0.0013753,-2.8362
427.85,-0.00437874,-0.00137321,-2.8377
427.9,-0.00439491,-0.00137103,-2.8392
427.95,-0.0044112,-0.00136875,-2.84072
428,-0.004427,-0.00136645,-2.84221
428.05,-0.00444277,-0.00136406,-2.8437
428.1,-0.00445861,-0.00136157,-2.84521
428.15,0.00728193,0.235152,1.53984
428.2,-0.00449089,-0.0013562,-2.84831
428.25,-0.00450672,-0.00135354,-2.84983
428.3,-0.00451842,-0.00135156,-2.85094
428.35,-0.00453187,-0.00134933,-2.85221
428.4,-0.0106184,0.226748,1.61759
428.45,-0.00456407,-0.00134388,-2.85524
428.5,-0.00602666,0.225767,1.59748
428.55,0.00111321,0.226965,1.56589
428.6,-0.0111452,0.237555,1.61768
428.65,-0.0046124,-0.00133586,-2.85968
428.7,-0.00462541,-0.00133429,-2.86075
428.75,-0.00463944,-0.00133283,-2.86184
428.8,-0.00465407,-0.00133153,-2.86294
428.85,-0.00467032,-0.00133006,-2.86415
428.9,-0.00468664,-0.00132851,-2.86537
428.95,-0.00470291,-0.00132688,-2.8666
429,-0.00471913,-0.00132517,-2.86784
429.05,-0.00473535,-0.00132338,-2.86908
429.1,-0.00475147,-0.00132152,-2.87032
429.15,-0.00476763,-0.00131957,-2.87157
429.2,-0.00478376,-0.00131755,-2.87283
429.25,-0.00479985,-0.00131545,-2.8741
429.3,-0.00481598,-0.00131327,-2.87538
429.35,-0.00483206,-0.00131101,-2.87666
429.4,-0.00484801,-0.00130868,-2.87793
429.45,-0.00486395,-0.00130628,-2.87922
429.5,-0.00487985,-0.00130381,-2.88051
429.55,-0.00489577,-0.00130126,-2.88181
429.6,0.00338012,0.225136,1.55578
429.65,-0.00492742,-0.00129594,-2.88441
429.7,-0.00725682,0.228373,1.60256
429.75,-0.00495276,-0.00129166,-2.88648
429.8,-0.00749266,0.228475,1.60358
429.85,-0.00497438,-0.00128827,-2.88818
429.9,-0.00498573,-0.00128663,-2.88904
429.95,-0.00499552,-0.00128529,-2.88977
430,-0.00500634,-0.00128408,-2.89051
430.05,-0.00501902,-0.00128267,-2.89139
430.1,-0.00503316,-0.00128111,-2.89235
430.15,-0.00504874,-0.00127935,-2.89342
430.2,-0.00506447,-0.0012775,-2.8945
430.25,-0.00508012,-0.0012756,-2.89558
430.3,-0.00509573,-0.00127363,-2.89667
430.35,-0.00511132,-0.0012716,-2.89776
430.4,-0.00512688,-0.00126952,-2.89886
430.45,-0.0051424,-0.00126737,-2.89995
430.5,-0.0051579,-0.00126516,-2.90106
430.55,-0.00517336,-0.00126289,-2.90216
430.6,-0.00518878,-0.00126056,-2.90327
430.65,-0.00520417,-0.00125817,-2.90438
430.7,-0.00521952,-0.00125572,-2.9055
430.75,-0.00944236,0.224727,1.61279
430.8,-0.00525011,-0.00125061,-2.90774
430.85,-0.00779887,0.230297,1.60465
430.9,0.0219193,0.231808,1.47652
430.95,-0.00529045,-0.00124392,-2.91066
431,-0.00874557,0.226243,1.60943
431.05,-0.00531557,-0.00124001,-2.91241
431.1,-0.00532724,-0.0012384,-2.91318
431.15,-0.00533578,-0.00123732,-2.91373
431.2,-0.00534683,-0.00123618,-2.91439
431.25,-0.00536205,-0.00123455,-2.9153
431.3,-0.00537725,-0.00123287,-2.91621
431.35,-0.00539243,-0.00123115,-2.91713
431.4,-0.00540767,-0.00122937,-2.91805
431.45,-0.00542285,-0.00122754,-2.91898
431.5,-0.00543796,-0.00122565,-2.91991
431.55,-0.00545305,-0.00122371,-2.92084
431.6,-0.0054681,-0.0012217,-2.92178
431.65,-0.00548309,-0.00121964,-2.92272
431.7,-0.00549806,-0.00121753,-2.92366
431.75,-0.00551299,-0.00121535,-2.92461
431.8,-0.00552793,-0.00121312,-2.92556
431.85,-0.00554278,-0.00121083,-2.92652
431.9,-0.00555769,-0.00120846,-2.92749
431.95,-0.00557241,-0.00120606,-2.92845
432,-0.00558706,-0.0012036,-2.92941
432.05,-0.00560167,-0.00120108,-2.93038
432.1,-0.0117406,0.231556,1.62146
432.15,0.0054568,0.226801,1.54674
432.2,-0.00564327,-0.00119354,-2.93317
432.25,-0.00565324,-0.00119193,-2.9338
432.3,-0.00566409,-0.00119052,-2.93442
432.35,-0.00567629,-0.00118918,-2.93508
432.4,-0.00569079,-0.00118756,-2.93586
432.45,-0.00570534,-0.00118588,-2.93666
432.5,-0.00571984,-0.00118414,-2.93745
432.55,-0.00573434,-0.00118234,-2.93826
432.6,-0.00574877,-0.00118048,-2.93906
432.65,-0.00576311,-0.00117858,-2.93987
432.7,-0.00577739,-0.00117662,-2.94068
432.75,-0.00579163,-0.00117461,-2.94149
432.8,-0.00580587,-0.00117254,-2.94231
432.85,-0.00582005,-0.00117042,-2.94314
432.9,-0.0058342,-0.00116824,-2.94397
432.95,-0.00584826,-0.001166,-2.9448
433,-0.00586223,-0.00116373,-2.94563
433.05,-0.00587617,-0.00116139,-2.94646
433.1,-0.00589006,-0.00115901,-2.9473
433.15,-0.00590388,-0.00115658,-2.94814
433.2,-0.00591763,-0.00115411,-2.94898
433.25,-0.00593136,-0.00115159,-2.94983
433.3,-0.00594502,-0.00114902,-2.95067
433.35,-0.00595862,-0.0011464,-2.95152
433.4,-0.00597217,-0.00114373,-2.95237
433.45,-0.00598566,-0.00114101,-2.95323
433.5,-0.0059991,-0.00113825,-2.95409
433.55,-0.00601251,-0.00113543,-2.95495
433.6,-0.00602584,-0.00113256,-2.95581
433.65,-0.00603911,-0.00112966,-2.95667
433.7,-0.00605233,-0.0011267,-2.95754
433.75,-0.0060655,-0.0011237,-2.95841
433.8,-0.00607861,-0.00112065,-2.95928
433.85,-0.00609168,-0.00111755,-2.96016
433.9,-0.00610469,-0.0011144,-2.96103
433.95,-0.00611763,-0.00111122,-2.96191
434,-0.00613049,-0.00110799,-2.96279
434.05,-0.00614335,-0.00110471,-2.96367
434.1,-0.00615612,-0.00110139,-2.96456
434.15,-0.00616883,-0.00109802,-2.96544
434.2,-0.00618149,-0.0010946,-2.96633
434.25,-0.00619409,-0.00109114,-2.96722
434.3,-0.00620663,-0.00108764,-2.96812
434.35,-0.00621912,-0.0010841,-2.96901
434.4,-0.00623156,-0.00108051,-2.96991
434.45,-0.00624396,-0.00107688,-2.97081
434.5,-0.00625631,-0.0010732,-2.97171
434.55,-0.00626858,-0.00106948,-2.97261
434.6,-0.0062808,-0.00106572,-2.97351
434.65,-0.00629294,-0.00106192,-2.97442
434.7,-0.00630502,-0.00105807,-2.97533
434.75,-0.00631704,-0.00105418,-2.97624
434.8,-0.006329,-0.00105026,-2.97715
434.85,-0.0063409,-0.00104629,-2.97806
434.9,-0.00635275,-0.00104228,-2.97897
434.95,-0.00636453,-0.00103824,-2.97989
435,-0.00637624,-0.00103416,-2.9808
435.05,-0.00638787,-0.00103004,-2.98172
435.1,-0.00639942,-0.00102589,-2.98264
435.15,-0.0064109,-0.0010217,-2.98355
435.2,-0.00642231,-0.00101749,-2.98447
435.25,-0.00643363,-0.00101323,-2.98539
435.3,-0.00644488,-0.00100895,-2.9863
435.35,-0.00645605,-0.00100463,-2.98722
435.4,-0.00646715,-0.00100028,-2.98814
435.45,-0.00647817,-0.000995893,-2.98906
435.5,-0.00648911,-0.000991479,-2.98997
435.55,-0.00649998,-0.000987035,-2.99089
435.6,-0.00651076,-0.000982558,-2.99181
435.65,-0.00652149,-0.000978044,-2.99273
435.7,-0.00653226,-0.000973454,-2.99366
435.75,-0.00654297,-0.000968838,-2.99459
435.8,-0.00655361,-0.000964209,-2.99551
435.85,-0.00656419,-0.000959558,-2.99644
435.9,-0.0065747,-0.000954894,-2.99736
435.95,-0.00658514,-0.000950214,-2.99829
436,-0.00659552,-0.000945517,-2.99921
436.05,-0.00660583,-0.000940801,-3.00012
436.1,-0.00661609,-0.000936071,-3.00104
436.15,-0.00662628,-0.000931325,-3.00196
436.2,-0.0066364,-0.00092657,-3.00287
436.25,-0.00664648,-0.000921796,-3.00378
436.3,-0.00665647,-0.000917018,-3.00469
436.35,-0.00666639,-0.000912234,-3.0056
436.4,-0.00667626,-0.00090744,-3.0065
436.45,-0.00668605,-0.000902638,-3.0074
436.5,-0.00669578,-0.000897829,-3.0083
436.55,-0.00670545,-0.000893013,-3.00919
436.6,-0.00671505,-0.00088819,-3.01009
436.65,-0.00672459,-0.000883363,-3.01098
436.7,-0.00673405,-0.00087853,-3.01186
436.75,-0.00674345,-0.000873694,-3.01275
436.8,-0.00675279,-0.000868854,-3.01363
436.85,-0.00676206,-0.000864011,-3.01451
436.9,-0.00677126,-0.000859167,-3.01538
436.95,-0.00678039,-0.00085432,-3.01625
437,-0.00678946,-0.000849474,-3.01712
437.05,-0.00679846,-0.000844628,-3.01799
437.1,-0.00680739,-0.000839782,-3.01885
437.15,-0.00681625,-0.000834937,-3.01971
437.2,-0.00682504,-0.000830094,-3.02056
437.25,-0.00683377,-0.000825255,-3.02141
437.3,-0.00684242,-0.000820418,-3.02226
437.35,-0.00685101,-0.000815585,-3.0231
437.4,-0.00685953,-0.000810757,-3.02394
437.45,-0.00686798,-0.000805934,-3.02478
437.5,-0.00687635,-0.000801117,-3.02561
437.55,-0.00688464,-0.00079632,-3.02644
437.6,-0.00689285,-0.000791532,-3.02726
437.65,-0.00690099,-0.000786753,-3.02808
437.7,-0.00690907,-0.000781984,-3.02889
437.75,-0.00691707,-0.000777226,-3.0297
437.8,-0.006925,-0.000772485,-3.0305
437.85,-0.00693288,-0.000767738,-3.0313
437.9,-0.00694067,-0.000763007,-3.0321
437.95,-0.00694839,-0.000758288,-3.03289
438,-0.00695605,-0.000753578,-3.03368
438.05,-0.00696365,-0.000748881,-3.03446
438.1,-0.00697117,-0.0007442,-3.03524
438.15,-0.00697861,-0.000739536,-3.03601
438.2,-0.00698599,-0.00073489,-3.03678
438.25,-0.00699329,-0.000730262,-3.03755
438.3,-0.00700051,-0.000725652,-3.0383
438.35,-0.00700766,-0.000721061,-3.03906
438.4,-0.00701474,-0.00071649,-3.0398
438.45,-0.00702174,-0.000711939,-3.04055
438.5,-0.00702866,-0.000707407,-3.04128
438.55,-0.00703551,-0.000702897,-3.04202
438.6,-0.00704229,-0.000698407,-3.04274
438.65,-0.00704898,-0.000693939,-3.04346
438.7,-0.0070556,-0.000689492,-3.04418
438.75,-0.00706214,-0.000685067,-3.04489
438.8,-0.00706861,-0.000680665,-3.04559
438.85,-0.00707499,-0.000676285,-3.04629
438.9,-0.0070813,-0.000671928,-3.04699
438.95,-0.00708753,-0.000667594,-3.04768
439,-0.00709368,-0.000663284,-3.04836
439.05,-0.00709976,-0.000658998,-3.04904
439.1,-0.00710575,-0.000654735,-3.04971
439.15,-0.00711166,-0.000650497,-3.05038
439.2,-0.00711749,-0.000646276,-3.05104
439.25,-0.00712323,-0.00064208,-3.0517
439.3,-0.00712889,-0.000637915,-3.05235
439.35,-0.00713447,-0.000633767,-3.05299
439.4,-0.00713996,-0.000629638,-3.05364
439.45,-0.00714538,-0.000625531,-3.05427
439.5,-0.0071507,-0.000621461,-3.0549
439.55,-0.00715595,-0.000617439,-3.05552
439.6,-0.00716108,-0.000613427,-3.05614
439.65,-0.00716614,-0.000609449,-3.05675
439.7,-0.00717111,-0.000605483,-3.05736
439.75,-0.00717599,-0.000601552,-3.05796
439.8,-0.0071808,-0.000597633,-3.05856
439.85,-0.00718551,-0.00059375,-3.05915
439.9,-0.00719015,-0.000589878,-3.05974
439.95,-0.00719469,-0.00058604,-3.06032
440,-0.00719918,-0.000582275,-3.06089
440.05,-0.00720358,-0.000578543,-3.06145
440.1,-0.00720789,-0.000574825,-3.06201
440.15,-0.00721211,-0.000571144,-3.06257
440.2,-0.00721624,-0.000567473,-3.06312
440.25,-0.00722029,-0.000563839,-3.06366
440.3,-0.00722424,-0.000560218,-3.0642
440.35,-0.00722811,-0.000556633,-3.06473
440.4,-0.00723188,-0.000553062,-3.06527
440.45,-0.00723557,-0.000549524,-3.06579
440.5,-0.00723917,-0.000546001,-3.06631
440.55,-0.00724267,-0.000542513,-3.06683
440.6,-0.00724609,-0.000539039,-3.06734
440.65,-0.00724942,-0.000535587,-3.06785
440.7,-0.00725265,-0.000532134,-3.06835
440.75,-0.00725579,-0.000528695,-3.06886
440.8,-0.00725884,-0.000525274,-3.06936
440.85,-0.0072618,-0.000521898,-3.06985
440.9,-0.00726467,-0.000518532,-3.07034
440.95,-0.00726744,-0.000515194,-3.07082
441,-0.00727012,-0.000511873,-3.0713
441.05,-0.0072727,-0.000508582,-3.07178
441.1,-0.00727519,-0.000505311,-3.07225
441.15,-0.00727759,-0.000502066,-3.07271
441.2,-0.0072799,-0.000498848,-3.07318
441.25,-0.00728211,-0.000495656,-3.07363
441.3,-0.00728423,-0.000492491,-3.07408
441.35,-0.00728605,-0.000489308,-3.07454
441.4,-0.00728778,-0.000486152,-3.07498
441.45,-0.00728942,-0.000483021,-3.07543
441.5,-0.00729096,-0.000479917,-3.07586
441.55,-0.0072924,-0.000476839,-3.0763
441.6,-0.00729375,-0.000473787,-3.07673
441.65,-0.00729501,-0.00047076,-3.07715
441.7,-0.00729617,-0.000467758,-3.07757
441.75,-0.00729724,-0.000464781,-3.07799
441.8,-0.00729821,-0.000461829,-3.0784
441.85,-0.00729908,-0.000458901,-3.0788
441.9,-0.00729986,-0.000455997,-3.07921
441.95,-0.00730054,-0.000453118,-3.07961
442,-0.00730112,-0.000450262,-3.08
442.05,-0.00730161,-0.00044743,-3.08039
442.1,-0.007302,-0.000444621,-3.08078
442.15,-0.00730229,-0.000441835,-3.08116
442.2,-0.00730248,-0.000439071,-3.08154
442.25,-0.00730258,-0.000436331,-3.08191
442.3,-0.00730257,-0.000433612,-3.08228
442.35,-0.00730247,-0.000430918,-3.08265
442.4,-0.00730227,-0.000428242,-3.08301
442.45,-0.00730198,-0.000425619,-3.08337
442.5,-0.00730158,-0.00042302,-3.08372
442.55,-0.00730109,-0.000420435,-3.08407
442.6,-0.0073005,-0.000417872,-3.08442
442.65,-0.0072998,-0.000415323,-3.08476
442.7,-0.00729901,-0.000412796,-3.0851
442.75,-0.00729812,-0.000410284,-3.08543
442.8,-0.00729712,-0.000407791,-3.08577
442.85,-0.00729603,-0.000405314,-3.0861
442.9,-0.00729483,-0.000402856,-3.08642
442.95,-0.00729354,-0.000400414,-3.08675
443,-0.00729214,-0.00039799,-3.08707
443.05,-0.00729065,-0.00039558,-3.08739
443.1,-0.00728905,-0.000393189,-3.0877
443.15,-0.00728735,-0.000390812,-3.08802
443.2,-0.00728555,-0.000388455,-3.08832
443.25,-0.00728364,-0.000386111,-3.08863
443.3,-0.00728164,-0.000383785,-3.08894
443.35,-0.00727953,-0.000381474,-3.08924
443.4,-0.00727732,-0.000379181,-3.08954
443.45,-0.007275,-0.000376901,-3.08983
443.5,-0.00727259,-0.000374638,-3.09012
443.55,-0.00727007,-0.000372389,-3.09042
443.6,-0.00726745,-0.000370159,-3.0907
443.65,-0.00726472,-0.00036794,-3.09099
443.7,-0.0072619,-0.000365737,-3.09127
443.75,-0.00725896,-0.000363548,-3.09155
443.8,-0.00725593,-0.000361377,-3.09183
443.85,-0.00725279,-0.000359218,-3.0921
443.9,-0.00724955,-0.000357076,-3.09238
443.95,-0.0072462,-0.000354927,-3.09265
444,-0.00724274,-0.000352774,-3.09292
444.05,-0.00723919,-0.000350634,-3.09319
444.1,-0.00723552,-0.000348509,-3.09346
444.15,-0.00723176,-0.000346395,-3.09373
444.2,-0.00722789,-0.000344294,-3.09399
444.25,-0.00722391,-0.000342207,-3.09426
444.3,-0.00721983,-0.000340135,-3.09452
444.35,-0.00721564,-0.000338075,-3.09477
444.4,-0.00721135,-0.000336024,-3.09503
444.45,-0.00720695,-0.000333991,-3.09528
444.5,-0.00720245,-0.000331965,-3.09553
444.55,-0.00719784,-0.000329944,-3.09579
444.6,-0.00719313,-0.000327938,-3.09603
444.65,-0.00718831,-0.000325939,-3.09628
444.7,-0.00718339,-0.000323956,-3.09653
444.75,-0.00717835,-0.000321975,-3.09677
444.8,-0.00717322,-0.000320015,-3.09701
444.85,-0.00716797,-0.000318053,-3.09725
444.9,-0.00716263,-0.000316109,-3.09749
444.95,-0.00715717,-0.000314172,-3.09772
445,-0.00715161,-0.000312244,-3.09796
445.05,-0.00714594,-0.000310326,-3.09819
445.1,-0.00714016,-0.000308417,-3.09842
445.15,-0.00713428,-0.000306519,-3.09865
445.2,-0.00712829,-0.000304629,-3.09888
445.25,-0.0071222,-0.000302749,-3.09911
445.3,-0.00711599,-0.000300878,-3.09934
445.35,-0.00710969,-0.000299015,-3.09956
445.4,-0.00710327,-0.000297162,-3.09978
445.45,-0.00709675,-0.000295316,-3.1
445.5,-0.00709012,-0.00029348,-3.10022
445.55,-0.00708339,-0.00029168,-3.10044
445.6,-0.00707655,-0.000289885,-3.10065
445.65,-0.0070696,-0.000288069,-3.10087
445.7,-0.00706254,-0.000286265,-3.10108
445.75,-0.00705538,-0.000284469,-3.1013
445.8,-0.00704811,-0.000282679,-3.10151
445.85,-0.00704074,-0.000280898,-3.10172
445.9,-0.00703325,-0.00027912,-3.10193
445.95,-0.00702566,-0.00027735,-3.10214
446,-0.00701797,-0.000275586,-3.10234
446.05,-0.00701016,-0.000273826,-3.10255
446.1,-0.00700225,-0.000272077,-3.10276
446.15,-0.00699423,-0.000270334,-3.10296
446.2,-0.0069861,-0.000268597,-3.10316
446.25,-0.00697787,-0.000266866,-3.10337
446.3,-0.00696953,-0.000265141,-3.10357
446.35,-0.00696108,-0.000263421,-3.10377
446.4,-0.00695252,-0.000261707,-3.10397
446.45,-0.00694386,-0.000259999,-3.10417
446.5,-0.00693509,-0.000258296,-3.10437
446.55,-0.00692621,-0.000256599,-3.10456
446.6,-0.00691722,-0.000254905,-3.10476
446.65,-0.00690813,-0.000253221,-3.10495
446.7,-0.00689893,-0.000251542,-3.10515
446.75,-0.00688963,-0.000249869,-3.10534
446.8,-0.00688021,-0.0002482,-3.10553
446.85,-0.00687069,-0.000246537,-3.10573
446.9,-0.00686106,-0.000244879,-3.10592
446.95,0.231581,0.0077013,0.033243
447,0.235745,0.00423319,0.0179547
447.05,0.246297,0.00093079,0.00377912
447.1,0.252562,0.00467775,0.0185191
447.15,0.259438,-0.00209378,-0.00807028
447.2,0.261213,-0.00637881,-0.0244151
447.25,0.264293,-0.00225404,-0.00852836
447.3,0.264884,-0.0130676,-0.0492936
447.35,0.273527,-0.0171865,-0.0627505
447.4,0.274492,-0.0187277,-0.068121
447.45,0.290051,-0.0255221,-0.0877656
447.5,0.284728,-0.0295466,-0.103401
447.55,0.288545,-0.0334375,-0.115369
447.6,0.293376,-0.037315,-0.126512
447.65,0.293894,-0.0457915,-0.154567
447.7,0.289281,-0.0469181,-0.160789
447.75,0.303959,-0.0518251,-0.168876
447.8,0.294767,-0.0582681,-0.195159
447.85,0.293918,-0.0600385,-0.201498
447.9,0.282181,-0.0652441,-0.227221
447.95,0.275694,-0.065714,-0.233992
448,0.275663,-0.0682786,-0.242802
448.05,0.255471,-0.0658962,-0.252438
448.1,0.252259,-0.0721561,-0.278601
448.15,0.253127,-0.0719272,-0.276857
448.2,0.241706,-0.0732068,-0.294093
448.25,0.23483,-0.0672311,-0.278838
448.3,0.222939,-0.0707349,-0.307237
448.35,0.209671,-0.0629841,-0.291819
448.4,-0.00667249,9.59186e-05,3.12722
448.45,-0.00667,0.000122116,3.12329
448.5,-0.0066682,0.000147513,3.11947
448.55,-0.00666704,0.000170232,3.11606
448.6,-0.00666644,0.000185598,3.11376
448.65,-0.00666621,0.000193742,3.11254
448.7,-0.00666622,0.000197275,3.11201
448.75,-0.00666638,0.000198195,3.11187
448.8,-0.00666654,0.000199115,3.11173
448.85,-0.00666669,0.000200036,3.1116
448.9,-0.00666683,0.000200956,3.11146
448.95,-0.00666696,0.000201877,3.11132
449,-0.00666709,0.000202796,3.11118
449.05,-0.00666722,0.000203715,3.11105
449.1,-0.00666734,0.000204633,3.11091
449.15,-0.00666745,0.00020555,3.11077
449.2,-0.00666755,0.000206465,3.11064
449.25,-0.00666765,0.000207378,3.1105
449.3,-0.00666774,0.000208289,3.11036
449.35,-0.00666782,0.000209198,3.11023
449.4,0.238737,-0.0584038,-0.239925
449.45,-0.00666692,0.00021154,3.10987
449.5,0.217833,-0.0577775,-0.259268
449.55,0.228442,-0.0632672,-0.270179
449.6,0.215607,-0.05947,-0.269133
449.65,0.221193,-0.0637299,-0.280521
449.7,0.233752,-0.0685552,-0.285282
449.75,0.230838,-0.0662645,-0.279544
449.8,0.228818,-0.0632368,-0.269633
449.85,0.2178,-0.0644582,-0.287738
449.9,0.233287,-0.0688898,-0.287139
449.95,-0.00666108,0.000249906,3.10409
450,-0.00665822,0.00027131,3.10087
450.05,-0.00665573,0.000293953,3.09746
450.1,-0.00665451,0.000312373,3.09469
450.15,-0.00665435,0.00032165,3.09329
450.2,-0.00665448,0.000323061,3.09308
450.25,-0.00665475,0.000322664,3.09314
450.3,-0.00665502,0.00032224,3.09321
450.35,-0.00665529,0.000321836,3.09327
450.4,-0.00665555,0.000321524,3.09332
450.45,-0.00665585,0.000321062,3.09339
450.5,-0.00665616,0.000320593,3.09346
450.55,0.21948,-0.0598824,-0.266355
450.6,0.221938,-0.063575,-0.278984
450.65,0.221843,-0.0667118,-0.292114
450.7,0.220532,-0.0720852,-0.315921
450.75,0.216349,-0.0722092,-0.322136
450.8,-0.00665071,0.000346565,3.08953
450.85,-0.00664757,0.000366992,3.08644
450.9,-0.00664462,0.00038891,3.08313
450.95,-0.00664292,0.000407588,3.08031
451,-0.00664235,0.000420414,3.07838
451.05,-0.00664236,0.000426467,3.07748
451.1,-0.00664266,0.000426202,3.07752
451.15,-0.00664298,0.000425534,3.07762
451.2,-0.00664332,0.000424857,3.07773
451.25,-0.00664366,0.000424175,3.07783
451.3,-0.00664402,0.000423493,3.07794
451.35,0.221634,-0.0712753,-0.311144
451.4,0.223255,-0.0756494,-0.326706
451.45,0.212208,-0.0738806,-0.335028
451.5,0.212597,-0.07733,-0.348863
451.55,0.217317,-0.0831579,-0.365467
451.6,-0.00663826,0.000449207,3.07403
451.65,-0.00663449,0.000469498,3.07094
451.7,-0.00663094,0.000490982,3.06768
451.75,-0.00662878,0.000507448,3.06519
451.8,-0.00662797,0.000514747,3.06409
451.85,-0.00662823,0.000514662,3.0641
451.9,-0.00662858,0.000513918,3.06422
451.95,-0.00662896,0.000513151,3.06434
452,-0.00662933,0.000512391,3.06445
452.05,0.231488,-0.0852897,-0.353008
452.1,0.213189,-0.0799944,-0.35897
452.15,0.219209,-0.0861965,-0.374645
452.2,0.206763,-0.0886824,-0.405177
452.25,0.214363,-0.0936379,-0.411839
452.3,0.212288,-0.0908244,-0.404271
452.35,-0.00662044,0.000549504,3.05878
452.4,-0.00661565,0.000573187,3.05517
452.45,-0.00661131,0.000596567,3.0516
452.5,-0.00660757,0.000618232,3.0483
452.55,-0.00660519,0.00063272,3.04609
452.6,-0.00660463,0.000637424,3.04538
452.65,-0.00660499,0.000636593,3.04551
452.7,-0.00660538,0.000635727,3.04564
452.75,-0.00660576,0.000634946,3.04577
452.8,-0.00660615,0.000634152,3.04589
452.85,-0.00660654,0.000633364,3.04602
452.9,0.209669,-0.0886456,-0.399995
452.95,0.217397,-0.0945212,-0.410131
453,0.219559,-0.0983136,-0.421004
453.05,0.217149,-0.102475,-0.440924
453.1,0.218415,-0.105974,-0.451736
453.15,0.215825,-0.107891,-0.463569
453.2,-0.00659382,0.000679482,3.03891
453.25,-0.00658817,0.000703239,3.03525
453.3,-0.00658329,0.000726478,3.03169
453.35,-0.00657961,0.000745873,3.02871
453.4,-0.00657736,0.000757407,3.02694
453.45,-0.00657705,0.000760532,3.02647
453.5,-0.00657742,0.000759855,3.02658
453.55,-0.00657788,0.000758893,3.02673
453.6,-0.00657835,0.000757947,3.02688
453.65,0.212938,-0.100142,-0.439598
453.7,0.21207,-0.102673,-0.450885
453.75,0.209133,-0.106955,-0.472743
453.8,0.213131,-0.114779,-0.494003
453.85,0.212043,-0.11672,-0.503191
453.9,-0.00656719,0.000796195,3.02094
453.95,-0.00656088,0.00082013,3.01723
454,-0.00655502,0.000844213,3.01351
454.05,-0.00655011,0.000865154,3.01027
454.1,-0.0065469,0.000878991,3.00813
454.15,-0.00654591,0.000884107,3.00734
454.2,-0.00654631,0.000883415,3.00745
454.25,-0.00654663,0.000883019,3.00752
454.3,-0.00654703,0.000882346,3.00763
454.35,0.206948,-0.108656,-0.483477
454.4,0.212395,-0.114748,-0.495333
454.45,0.215226,-0.119737,-0.50769
454.5,0.204197,-0.12113,-0.535406
454.55,0.203482,-0.124425,-0.548816
454.6,-0.00619744,0.000947868,2.98982
454.65,-0.00619042,0.000972343,2.98579
454.7,-0.00618362,0.000997286,2.98169
454.75,-0.00617775,0.00101964,2.97802
454.8,-0.00617335,0.0010368,2.9752
454.85,-0.00617117,0.00104602,2.97369
454.9,-0.0061709,0.00104829,2.97332
454.95,-0.00617157,0.0010472,2.97351
455,-0.00617228,0.00104604,2.97371
455.05,0.197871,-0.115591,-0.528702
455.1,0.21,-0.126628,-0.542614
455.15,0.212143,-0.134446,-0.564867
455.2,0.205231,-0.135805,-0.584569
455.25,0.199542,-0.135989,-0.598205
455.3,0.19869,-0.13585,-0.59972
455.35,-0.00615378,0.00110109,2.96454
455.4,-0.0061453,0.00112834,2.96
455.45,-0.00613752,0.00115457,2.95565
455.5,-0.00613128,0.00117691,2.95195
455.55,-0.00612748,0.00119096,2.94962
455.6,-0.00612646,0.00119569,2.94885
455.65,-0.0061272,0.00119443,2.94907
455.7,0.203099,0.0849089,0.395983
455.75,-0.00612774,0.0011925,2.94939
455.8,-0.00612809,0.00119212,2.94946
455.85,0.214222,0.0842117,0.374549
455.9,0.201974,-0.0237443,-0.117024
455.95,0.19951,-0.0803137,-0.382706
456,0.20616,-0.0914825,-0.41764
456.05,-0.00612285,0.00120732,2.94691
456.1,0.220307,0.0756457,0.330752
456.15,0.221626,0.0773949,0.335974
456.2,0.239519,0.0841435,0.337834
456.25,0.224598,0.0714751,0.308102
456.3,0.220021,0.0656186,0.28984
456.35,0.226342,0.0647278,0.27854
456.4,0.219098,0.0613424,0.272987
456.45,0.226012,0.0582425,0.252209
456.5,0.22561,0.0538728,0.234398
456.55,-0.00607245,0.00139101,2.91641
456.6,0.228627,0.04705,0.20296
456.65,0.233615,0.044594,0.188618
456.7,-0.0060612,0.00146348,2.90468
456.75,-0.0060594,0.00148105,2.90187
456.8,-0.00605793,0.00149735,2.89928
456.85,-0.00605698,0.00150915,2.89741
456.9,-0.00605667,0.00151494,2.89649
456.95,-0.00605686,0.00151614,2.89632
457,-0.00605707,0.00151699,2.89619
457.05,-0.00605727,0.00151784,2.89607
457.1,-0.00605746,0.0015187,2.89594
457.15,0.22188,0.0567255,0.250298
457.2,0.233398,0.0604922,0.2536
457.25,0.241944,0.0636887,0.257399
457.3,0.233324,0.0594142,0.249343
457.35,0.234525,0.0567481,0.237407
457.4,0.236335,0.0571456,0.237246
457.45,0.254927,0.0620195,0.238647
457.5,0.25132,0.0598828,0.233911
457.55,0.238199,0.0578276,0.238163
457.6,0.240932,0.057598,0.234659
457.65,0.242506,0.0575914,0.233165
457.7,0.251395,0.0517019,0.202832
457.75,0.248964,0.0433242,0.172292
457.8,0.245303,0.03928,0.15878
457.85,0.256239,0.038389,0.148711
457.9,0.220208,0.0317634,0.143255
457.95,-0.00603935,0.00164307,2.87596
458,-0.00603726,0.00166834,2.87198
458.05,-0.00603534,0.0016934,2.86805
458.1,-0.00603336,0.00171827,2.86414
458.15,-0.00603135,0.00174282,2.8603
458.2,-0.00602955,0.00176503,2.85682
458.25,-0.00602804,0.00178204,2.85415
458.3,-0.00602667,0.00179495,2.85212
458.35,-0.00602536,0.00180544,2.85047
458.4,-0.00602528,0.00180804,2.85007
458.45,0.223696,0.0306996,0.136386
458.5,0.227659,0.0313614,0.136895
458.55,0.225996,0.0337147,0.148091
458.6,0.2363,0.0271516,0.114401
458.65,0.219481,0.0209076,0.0949728
458.7,-0.00602369,0.00183322,2.84616
458.75,-0.00602252,0.00185204,2.84325
458.8,-0.00602125,0.0018722,2.84014
458.85,-0.00601971,0.00189164,2.83712
458.9,-0.00601774,0.00190985,2.83428
458.95,-0.00601561,0.00192765,2.83149
459,-0.00601336,0.00194476,2.8288
459.05,-0.00601127,0.00195899,2.82656
459.1,-0.00601016,0.00196703,2.8253
459.15,-0.0060102,0.00196904,2.825
459.2,0.238989,0.0217178,0.0906249
459.25,0.230701,0.0203176,0.0878423
459.3,-0.00600989,0.00197213,2.82452
459.35,0.227758,0.017782,0.0779162
459.4,0.240783,0.0168339,0.0697995
459.45,0.23392,0.0151513,0.0646807
459.5,0.236275,0.0116074,0.0490873
459.55,0.251386,0.0100042,0.039775
459.6,0.245691,0.00562283,0.0228818
459.65,0.237109,0.00338159,0.0142608
459.7,0.22616,-0.000705547,-0.00311968
459.75,-0.00599681,0.00206388,2.81013
459.8,-0.00599461,0.00208973,2.80616
459.85,-0.00599244,0.00211558,2.80221
459.9,-0.00598991,0.00214046,2.79839
459.95,-0.00598698,0.0021642,2.79472
460,-0.00598389,0.00218643,2.79128
460.05,-0.00598088,0.00220568,2.78828
460.1,-0.00597797,0.00222225,2.78568
460.15,-0.00597539,0.00223608,2.78351
460.2,-0.00597347,0.00224704,2.7818
460.25,-0.00597252,0.00225413,2.78071
460.3,-0.00597256,0.00225597,2.78044
460.35,-0.00597276,0.00225679,2.78033
460.4,0.231663,-0.000352243,-0.0015205
460.45,0.24304,-0.00226281,-0.00931019
460.5,0.258582,-0.00439419,-0.0169918
460.55,0.249549,-0.00835146,-0.0334537
460.6,0.252817,-0.0111707,-0.0441562
460.65,0.248308,-0.013118,-0.0527805
460.7,0.257545,-0.0179116,-0.0694356
460.75,0.259092,-0.0215568,-0.0830101
460.8,0.262628,-0.0265155,-0.100621
460.85,-0.00595522,0.00233287,2.76823
460.9,-0.00595123,0.0023594,2.76415
460.95,-0.00594769,0.00238503,2.76022
461,-0.00594452,0.0024086,2.75663
461.05,-0.00594114,0.0024311,2.75318
461.1,-0.00593766,0.00245308,2.74981
461.15,-0.00593451,0.00247347,2.74669
461.2,-0.00593187,0.00249144,2.74396
461.25,-0.00593008,0.00250463,2.74196
461.3,-0.00592986,0.00250802,2.74146
461.35,-0.00593037,0.00250689,2.74165
461.4,0.270559,-0.027206,-0.100218
461.45,0.255499,-0.0265506,-0.103545
461.5,0.255813,-0.02895,-0.112689
461.55,0.281486,-0.0376988,-0.133135
461.6,0.260138,-0.0387562,-0.147896
461.65,0.260809,-0.0416555,-0.158379
461.7,0.275144,-0.050329,-0.180919
461.75,0.275587,-0.0544379,-0.195024
461.8,-0.00591294,0.00257482,2.7309
461.85,-0.00590748,0.00260136,2.72679
461.9,-0.00590279,0.00262613,2.72299
461.95,-0.00589922,0.00264855,2.7196
462,-0.00589611,0.00266963,2.71643
462.05,-0.00589391,0.00268566,2.71404
462.1,-0.00589353,0.00269046,2.71334
462.15,-0.00589397,0.00268988,2.71345
462.2,0.272302,-0.0476566,-0.173259
462.25,0.263757,-0.0471749,-0.176986
462.3,0.268453,-0.0505848,-0.186247
462.35,0.265236,-0.0571268,-0.212141
462.4,0.279979,-0.0655843,-0.230099
462.45,0.271222,-0.0687802,-0.248358
462.5,0.27214,-0.0756078,-0.270992
462.55,-0.00587396,0.00276142,2.70214
462.6,-0.00586742,0.00278793,2.69802
462.65,-0.00586162,0.00281337,2.6941
462.7,-0.00585713,0.00283649,2.6906
462.75,-0.00585336,0.00285717,2.68749
462.8,-0.00585206,0.00286839,2.68586
462.85,-0.00585219,0.00287055,2.68557
462.9,-0.00585319,0.00286813,2.68597
462.95,0.280802,-0.0683036,-0.238611
463,0.28954,-0.0692713,-0.234832
463.05,0.279993,-0.0711948,-0.248997
463.1,0.30345,-0.0829667,-0.266888
463.15,0.28417,-0.0858844,-0.2935
463.2,0.288352,-0.0945725,-0.316921
463.25,0.260908,-0.0920297,-0.339104
463.3,0.264619,-0.0970612,-0.351559
463.35,-0.00582325,0.00295972,2.67136
463.4,-0.00581592,0.00298535,2.66736
463.45,-0.00580957,0.00300952,2.66363
463.5,-0.00580455,0.00303138,2.66031
463.55,-0.00580026,0.00305078,2.65738
463.6,-0.00579839,0.00306025,2.65597
463.65,-0.00579878,0.00306005,2.65603
463.7,-0.00579883,0.00306077,2.65593
463.75,0.277324,-0.094972,-0.329941
463.8,0.286932,-0.0957082,-0.321952
463.85,0.276197,-0.0946659,-0.330199
463.9,0.276279,-0.100817,-0.349896
463.95,0.284979,-0.114357,-0.38161
464,0.274968,-0.118169,-0.40589
464.05,0.267495,-0.118555,-0.417189
464.1,-0.00576821,0.00314316,2.64267
464.15,-0.00575954,0.00316872,2.63862
464.2,-0.00575174,0.00319281,2.63484
464.25,-0.00574542,0.00321406,2.63155
464.3,-0.00574114,0.00322797,2.62939
464.35,-0.00573904,0.00323464,2.62835
464.4,-0.00573888,0.00323585,2.62818
464.45,0.278862,-0.116678,-0.396274
464.5,0.278965,-0.116521,-0.395665
464.55,0.290503,-0.123928,-0.403224
464.6,0.297887,-0.133253,-0.42063
464.65,0.306039,-0.140174,-0.429509
464.7,0.296705,-0.141966,-0.446279
464.75,0.277515,-0.139245,-0.465051
464.8,0.288182,-0.154213,-0.491351
464.85,0.267864,-0.148377,-0.505854
464.9,-0.0056983,0.00333262,2.61239
464.95,-0.00568876,0.00335774,2.60838
465,-0.00567977,0.00338233,2.60449
465.05,-0.00567166,0.00340487,2.60093
465.1,-0.00566602,0.00342041,2.59848
465.15,-0.00566307,0.00342862,2.59719
465.2,-0.00566263,0.00343038,2.59692
465.25,0.263788,-0.131161,-0.461423
465.3,0.277431,-0.14621,-0.485025
465.35,0.283885,-0.152297,-0.492399
465.4,0.279518,-0.158493,-0.515818
465.45,0.277647,-0.166234,-0.53948
465.5,0.267038,-0.168041,-0.56167
465.55,-0.00563748,0.00348672,2.58769
465.6,-0.00562706,0.0035111,2.58374
465.65,-0.00561727,0.00353476,2.57993
465.7,-0.00560863,0.00355585,2.57655
465.75,-0.00560203,0.00357185,2.57398
465.8,-0.00560013,0.00357677,2.57321
465.85,-0.00560006,0.00357752,2.57311
465.9,0.275472,-0.164793,-0.53911
465.95,0.293525,-0.177951,-0.545005
466,0.273482,-0.17096,-0.558688
466.05,0.286184,-0.184855,-0.573511
466.1,0.287635,-0.197746,-0.60228
466.15,0.276133,-0.200399,-0.627787
466.2,0.256162,-0.187368,-0.631517
466.25,-0.00556215,0.00365365,2.5604
466.3,-0.00555094,0.00367764,2.55646
466.35,-0.0055405,0.00370073,2.55271
466.4,-0.00553116,0.00372154,2.54933
466.45,-0.00552341,0.00373861,2.54656
466.5,-0.00551764,0.00375122,2.54451
466.55,-0.00551487,0.0037574,2.54351
466.6,-0.00551464,0.00375837,2.54337
466.65,0.274921,-0.195133,-0.617259
466.7,0.284668,-0.208391,-0.631914
466.75,0.27692,-0.204895,-0.637012
466.8,0.272748,-0.211604,-0.659824
466.85,0.276691,-0.227381,-0.687885
466.9,0.257722,-0.220781,-0.708349
466.95,0.227797,-0.193113,-0.70318
467,-0.00547666,0.00382774,2.53159
467.05,-0.00546587,0.0038489,2.52807
467.1,-0.00545543,0.00386995,2.5246
467.15,-0.00544698,0.00388723,2.52177
467.2,-0.00544388,0.00389379,2.5207
467.25,-0.0054437,0.0038946,2.52058
467.3,-0.00544357,0.00389531,2.52049
467.35,0.258195,-0.20895,-0.680367
467.4,0.271199,-0.225538,-0.693733
467.45,0.274936,-0.230888,-0.698536
467.5,0.273048,-0.240386,-0.721869
467.55,0.25643,-0.239755,-0.751803
467.6,0.246894,-0.241783,-0.774938
467.65,0.219786,-0.212864,-0.769401
467.7,-0.00540162,0.00396505,2.50838
467.75,-0.00539013,0.0039855,2.50491
467.8,-0.00537888,0.00400609,2.50144
467.85,-0.00536886,0.00402464,2.49833
467.9,-0.00536486,0.00403222,2.49707
467.95,-0.00536464,0.00403304,2.49695
468,-0.00536448,0.00403372,2.49686
468.05,-0.00536431,0.00403438,2.49676
468.1,0.257365,-0.244939,-0.760666
468.15,0.268097,-0.256516,-0.763326
468.2,0.257076,-0.252088,-0.775602
468.25,0.255934,-0.264932,-0.802672
468.3,0.258592,-0.273586,-0.813565
468.35,0.245875,-0.262492,-0.818072
468.4,0.233344,-0.257018,-0.833639
468.45,0.247034,-0.276885,-0.842313
468.5,-0.00532244,0.004097,2.48556
468.55,-0.0053102,0.00411648,2.48216
468.6,-0.00529789,0.00413639,2.47869
468.65,-0.00528524,0.00415724,2.47509
468.7,-0.0052737,0.00417647,2.47178
468.75,-0.00526385,0.00419274,2.46898
468.8,-0.0052558,0.00420588,2.46671
468.85,-0.00525057,0.00421439,2.46524
468.9,-0.00524917,0.00421686,2.46482
468.95,-0.00524897,0.00421749,2.46473
469,0.236844,-0.262159,-0.836086
469.05,0.238268,-0.275638,-0.857988
469.1,0.255473,-0.302751,-0.86989
469.15,0.226443,-0.27955,-0.889972
469.2,0.233038,-0.307152,-0.921748
469.25,0.216791,-0.288732,-0.926759
469.3,-0.00521133,0.0042674,2.45545
469.35,-0.00519813,0.00428576,2.4521
469.4,-0.00518482,0.00430455,2.44869
469.45,-0.00517141,0.00432365,2.44524
469.5,-0.00516142,0.00433818,2.44264
469.55,-0.00515652,0.00434535,2.44136
469.6,-0.00515562,0.00434689,2.4411
469.65,-0.00515539,0.00434748,2.44101
469.7,0.219343,-0.282959,-0.911376
469.75,0.236615,-0.31862,-0.932031
469.8,0.2356,-0.325555,-0.944349
469.85,0.219453,-0.315228,-0.962643
469.9,0.194983,-0.296432,-0.98898
469.95,0.217094,-0.340623,-1.00337
470,-0.00511525,0.00439507,2.43178
470.05,-0.00509997,0.00441395,2.42818
470.1,-0.00508489,0.00443281,2.4246
470.15,-0.00507036,0.00445093,2.42116
470.2,-0.00505742,0.00446754,2.41805
470.25,-0.00504643,0.00448162,2.4154
470.3,-0.00503752,0.00449289,2.41328
470.35,-0.00503084,0.0045012,2.4117
470.4,-0.00502653,0.00450649,2.41069
470.45,-0.00502477,0.00450871,2.41027
470.5,-0.00502449,0.00450925,2.41018
470.55,0.216482,-0.355285,-1.02355
470.6,0.215336,-0.355808,-1.02656
470.65,0.216544,-0.368011,-1.03894
470.7,0.205194,-0.375282,-1.07043
470.75,0.192173,-0.367575,-1.08906
470.8,0.190608,-0.384546,-1.11062
470.85,0.163793,-0.326951,-1.10637
470.9,-0.00496093,0.00457257,2.39691
470.95,-0.00494474,0.00458988,2.3934
471,-0.0049287,0.00460721,2.3899
471.05,-0.00491325,0.00462383,2.38653
471.1,-0.00490451,0.00463348,2.3846
471.15,-0.00490126,0.00463715,2.38388
471.2,-0.00490096,0.00463768,2.38379
471.25,-0.00490067,0.00463816,2.38371
471.3,0.182546,-0.359789,-1.10127
471.35,0.183156,-0.371322,-1.11256
471.4,0.187423,-0.391185,-1.124
471.45,0.172272,-0.378637,-1.14381
471.5,0.161804,-0.39111,-1.17853
471.55,0.144835,-0.366895,-1.19482
471.6,-0.00485517,0.00467762,2.37482
471.65,-0.00483828,0.00469295,2.37144
471.7,-0.00482157,0.00470837,2.36807
471.75,-0.00480629,0.00472259,2.36498
471.8,-0.00479772,0.00473061,2.36324
471.85,-0.0047938,0.00473431,2.36244
471.9,-0.00479335,0.00473486,2.36233
471.95,0.154052,-0.363052,-1.1695
472,0.155612,-0.386742,-1.18825
472.05,0.152645,-0.390274,-1.19797
472.1,0.155123,-0.427651,-1.22282
472.15,0.134576,-0.410324,-1.25388
472.2,0.124222,-0.384867,-1.25859
472.25,-0.00474364,0.00477345,2.35306
472.3,-0.00472748,0.00478664,2.34998
472.35,-0.00471132,0.00480025,2.34685
472.4,-0.0046951,0.00481395,2.3437
472.45,-0.00468364,0.00482369,2.34146
472.5,-0.00468019,0.00482656,2.3408
472.55,-0.00468034,0.00482658,2.34081
472.6,-0.00468096,0.00482622,2.34092
472.65,-0.00468173,0.00482578,2.34105
472.7,0.135683,-0.431681,-1.26626
472.75,0.13339,-0.42587,-1.26726
472.8,0.12868,-0.423499,-1.27581
472.85,0.124539,-0.44631,-1.29868
472.9,0.113276,-0.440566,-1.31913
472.95,0.101268,-0.440953,-1.34505
473,-0.00463304,0.00485666,2.33263
473.05,-0.00461536,0.00486854,2.32951
473.1,-0.00459861,0.00488028,2.32649
473.15,-0.00458221,0.00489186,2.32352
473.2,-0.00457036,0.00490011,2.32139
473.25,-0.00456636,0.00490269,2.32069
473.3,-0.00456689,0.00490241,2.32078
473.35,-0.00456712,0.00490235,2.32081
473.4,0.112693,-0.456407,-1.32873
473.45,0.104029,-0.440257,-1.33876
473.5,0.0977406,-0.447008,-1.35553
473.55,0.0885581,-0.453554,-1.37797
473.6,0.0827035,-0.458714,-1.39242
473.65,0.0715211,-0.469886,-1.41975
473.7,-0.00451833,0.00492898,2.31275
473.75,-0.00449843,0.00494041,2.3094
473.8,-0.00448065,0.00495066,2.3064
473.85,-0.00446511,0.00495959,2.30378
473.9,-0.0044552,0.00496508,2.30212
473.95,-0.00445268,0.0049663,2.30172
474,-0.00445237,0.00496652,2.30166
474.05,-0.00445201,0.00496677,2.3016
474.1,0.0780741,-0.464403,-1.40424
474.15,0.0740832,-0.481858,-1.41825
474.2,0.0685771,-0.462861,-1.42371
474.25,0.0628017,-0.507481,-1.44767
474.3,0.0476139,-0.484592,-1.47286
474.35,0.0403262,-0.500978,-1.49047
474.4,-0.00440194,0.00498861,2.2938
474.45,-0.00438192,0.00499803,2.29061
474.5,-0.00436315,0.00500698,2.28759
474.55,-0.00434686,0.00501448,2.285
474.6,-0.00433355,0.00502043,2.28289
474.65,-0.00432346,0.00502476,2.28132
474.7,-0.00431567,0.00502796,2.28011
474.75,-0.00431227,0.00502953,2.27957
474.8,-0.00431267,0.00502944,2.27962
474.85,-0.00431247,0.00502954,2.27959
474.9,0.0356246,-0.472072,-1.49547
474.95,0.0313584,-0.50308,-1.50854
475,0.0242434,-0.492785,-1.52164
475.05,0.0182629,-0.505257,-1.53467
475.1,0.0105889,-0.509368,-1.55001
475.15,-0.00122649,-0.509615,-1.5732
475.2,-0.00426762,0.00504316,2.27309
475.25,-0.00424857,0.00504971,2.27025
475.3,-0.00422956,0.00505636,2.26739
475.35,-0.00421133,0.00506211,2.26471
475.4,-0.00419409,0.00506718,2.2622
475.45,-0.00417754,0.00507185,2.2598
475.5,-0.00416412,0.00507497,2.25793
475.55,-0.0041527,0.00507712,2.25637
475.6,-0.0041433,0.00507834,2.25514
475.65,-0.00413863,0.00507917,2.25451
475.7,-0.00413817,0.00507933,2.25444
475.75,-0.00413779,0.00507946,2.25438
475.8,-0.00413741,0.00507956,2.25433
475.85,-0.00413704,0.00507964,2.25428
475.9,-0.0191157,-0.531413,-1.60675
475.95,-0.0254779,-0.523207,-1.61945
476,-0.0289001,-0.555239,-1.6228
476.05,-0.0386719,-0.555368,-1.64032
476.1,-0.0453661,-0.557605,-1.65198
476.15,-0.0487928,-0.530053,-1.66259
476.2,-0.0588982,-0.551587,-1.67717
476.25,-0.062926,-0.539995,-1.6868
476.3,-0.056926,-0.469034,-1.69157
476.35,-0.0040629,0.00508515,2.24491
476.4,-0.00404337,0.00508911,2.24218
476.45,-0.00402442,0.00509351,2.23948
476.5,-0.00400865,0.00509724,2.23721
476.55,-0.00399792,0.00509967,2.23568
476.6,-0.00398987,0.00510152,2.23452
476.65,-0.00398791,0.00510197,2.23424
476.7,-0.00398905,0.00510173,2.2344
476.75,-0.0039901,0.00510152,2.23455
476.8,-0.00399118,0.00510136,2.2347
476.85,-0.0739312,-0.575904,-1.69847
476.9,-0.0778153,-0.554662,-1.71018
476.95,-0.0839235,-0.547197,-1.72298
477,-0.0932145,-0.53751,-1.74251
477.05,-0.10763,-0.536244,-1.76887
477.1,-0.00395621,0.0051016,2.23041
477.15,-0.00392724,0.00509492,2.22749
477.2,-0.00389766,0.00508825,2.22447
477.25,-0.00387118,0.00508253,2.22172
477.3,-0.00384765,0.00507631,2.21937
477.35,-0.00380204,0.0050779,2.21349
477.4,-0.00376623,0.00507088,2.20962
477.45,-0.00375695,0.00506204,2.20927
477.5,-0.00365878,0.00502983,2.19969
477.55,-0.00365102,0.00502083,2.19953
477.6,-0.00364325,0.0050119,2.19936
477.65,-0.115683,-0.548404,-1.77869
477.7,-0.127339,-0.572631,-1.78961
477.75,-0.124585,-0.551379,-1.79302
477.8,-0.144922,-0.566055,-1.82143
477.85,-0.15579,-0.540842,-1.85125
477.9,-0.159508,-0.547505,-1.85429
477.95,-0.00353231,0.00494512,2.19106
478,-0.00350405,0.00493603,2.18813
478.05,-0.00347663,0.00492818,2.18518
478.1,-0.00345239,0.0049205,2.18262
478.15,-0.00343217,0.00491267,2.18061
478.2,-0.00341566,0.00490492,2.17908
478.25,-0.00340228,0.00489685,2.17802
478.3,-0.00339332,0.00488827,2.1776
478.35,-0.00338584,0.00487948,2.17741
478.4,-0.00337833,0.0048707,2.17722
478.45,-0.00337069,0.00486194,2.177
478.5,-0.00336282,0.00485325,2.17674
478.55,-0.180916,-0.584129,-1.87115
478.6,-0.180468,-0.579277,-1.87281
478.65,-0.181199,-0.560148,-1.88366
478.7,-0.204782,-0.566164,-1.91786
478.75,-0.211726,-0.55093,-1.9377
478.8,-0.192659,-0.497815,-1.94005
478.85,-0.00325576,0.00478145,2.1686
478.9,-0.0032289,0.00477018,2.16584
478.95,-0.00320306,0.00476044,2.16307
479,-0.00318224,0.00475145,2.16092
479.05,-0.00316555,0.00474243,2.15937
479.1,-0.00315282,0.00473374,2.15836
479.15,-0.00314451,0.00472536,2.15796
479.2,-0.0031374,0.00471686,2.15775
479.25,-0.00313022,0.00470838,2.15752
479.3,-0.00312311,0.00469993,2.1573
479.35,-0.00311606,0.00469158,2.15708
479.4,-0.233361,-0.586473,-1.9495
479.45,-0.21983,-0.541003,-1.95675
479.5,-0.237815,-0.559387,-1.97278
479.55,-0.254073,-0.560594,-1.99633
479.6,-0.252129,-0.536385,-2.0102
479.65,-0.00303821,0.00463007,2.15151
479.7,-0.00301426,0.00461708,2.14917
479.75,-0.00299088,0.00460512,2.1468
479.8,-0.00297102,0.00459447,2.14481
479.85,-0.00295644,0.00458471,2.14354
479.9,-0.00294738,0.0045761,2.143
479.95,-0.00294054,0.00456786,2.14276
480,-0.0029337,0.00455967,2.14252
480.05,-0.00292686,0.00455149,2.14227
480.1,-0.00292002,0.00454334,2.14202
480.15,-0.252687,-0.538838,-2.0093
480.2,-0.269898,-0.556218,-2.02256
480.25,-0.272396,-0.542565,-2.03608
480.3,-0.276054,-0.546719,-2.03838
480.35,-0.297209,-0.539296,-2.07449
480.4,-0.0028512,0.0044822,2.13735
480.45,-0.00282764,0.00446745,2.13509
480.5,-0.00280445,0.00445383,2.13275
480.55,-0.00278561,0.00444225,2.13089
480.6,-0.00277221,0.00443225,2.12973
480.65,-0.00276438,0.00442398,2.1293
480.7,-0.00275786,0.00441602,2.12904
480.75,-0.00275132,0.00440809,2.12879
480.8,-0.00274479,0.00440018,2.12852
480.85,-0.00273824,0.00439228,2.12826
480.9,-0.00273169,0.00438439,2.12799
480.95,-0.296189,-0.535757,-2.07582
481,-0.311901,-0.549853,-2.08678
481.05,-0.31433,-0.551243,-2.08903
481.1,-0.320578,-0.54182,-2.10507
481.15,-0.317861,-0.528214,-2.11251
481.2,-0.336136,-0.522929,-2.14209
481.25,-0.00265618,0.00431235,2.12286
481.3,-0.00263444,0.00429665,2.12082
481.35,-0.00261278,0.00428193,2.11867
481.4,-0.00259606,0.00426985,2.11708
481.45,-0.00258433,0.00425996,2.1161
481.5,-0.00257723,0.00425193,2.11571
481.55,-0.00257092,0.00424423,2.11543
481.6,-0.0025646,0.00423655,2.11514
481.65,-0.00255828,0.00422888,2.11485
481.7,-0.00255198,0.0042212,2.11456
481.75,-0.00254565,0.00421356,2.11427
481.8,-0.33249,-0.528844,-2.13206
481.85,-0.336075,-0.524376,-2.14075
481.9,-0.372626,-0.559548,-2.1583
481.95,-0.357678,-0.516654,-2.17633
482,-0.00249646,0.00416452,2.11082
482.05,-0.00247733,0.00414904,2.10907
482.1,-0.00245831,0.00413438,2.10724
482.15,-0.0024442,0.00412269,2.10595
482.2,-0.00243489,0.00411355,2.10525
482.25,-0.00242877,0.00410605,2.10495
482.3,-0.00242266,0.00409859,2.10464
482.35,-0.00241654,0.00409113,2.10433
482.4,-0.00241044,0.00408366,2.10403
482.45,-0.00240432,0.00407625,2.10371
482.5,-0.00239821,0.00406886,2.10339
482.55,-0.36946,-0.520341,-2.18823
482.6,-0.369698,-0.513081,-2.19518
482.65,-0.381011,-0.520922,-2.2023
482.7,-0.388055,-0.516961,-2.21471
482.75,-0.391407,-0.497353,-2.23755
482.8,-0.00233863,0.00400741,2.09905
482.85,-0.00231956,0.00399097,2.09728
482.9,-0.00230085,0.00397559,2.09544
482.95,-0.00228659,0.00396335,2.09408
483,-0.0022777,0.00395436,2.09338
483.05,-0.0022717,0.00394705,2.09304
483.1,-0.0022658,0.00393982,2.09271
483.15,-0.00225991,0.0039326,2.09238
483.2,-0.00225402,0.00392539,2.09204
483.25,-0.00224814,0.0039182,2.0917
483.3,-0.00224226,0.00391102,2.09137
483.35,-0.00223638,0.00390385,2.09103
483.4,-0.00223051,0.00389669,2.09068
483.45,-0.40705,-0.520542,-2.23445
483.5,-0.409194,-0.508522,-2.24838
483.55,-0.418009,-0.513785,-2.25377
483.6,-0.43359,-0.521611,-2.2643
483.65,-0.00218866,0.00385063,2.08765
483.7,-0.00217234,0.00383469,2.08622
483.75,0.191937,-0.131497,-0.600659
483.8,0.193734,-0.132909,-0.601295
483.85,0.191795,-0.126697,-0.583781
483.9,0.19898,-0.12622,-0.565286
483.95,0.203572,-0.122419,-0.541416
484,-0.223002,-0.383796,-2.09716
484.05,-0.192109,-0.356684,-2.06484
484.1,-0.202182,-0.366016,-2.07547
484.15,-0.212371,-0.360625,-2.10301
484.2,-0.219183,-0.355407,-2.12341
484.25,-0.196932,-0.333495,-2.10421
484.3,-0.214649,-0.344105,-2.12852
484.35,0.25989,-0.171524,-0.583365
484.4,0.278242,-0.189176,-0.597107
484.45,0.293186,-0.197638,-0.593134
484.5,0.301083,-0.196403,-0.578005
484.55,0.329522,-0.201561,-0.548961
484.6,0.343016,-0.198415,-0.524417
484.65,0.334661,-0.184075,-0.50287
484.7,0.369729,-0.192522,-0.48008
484.75,0.0587341,-0.277777,-1.36242
484.8,-0.0952483,-0.326779,-1.85441
484.85,-0.102125,-0.317413,-1.88208
484.9,-0.205895,-0.346183,-2.10735
484.95,-0.236682,-0.347457,-2.16878
485,-0.14826,-0.308416,-2.0189
485.05,-0.0207891,-0.291529,-1.64199
485.1,0.417477,-0.236945,-0.516228
485.15,0.43066,-0.252859,-0.530913
485.2,0.470783,-0.269234,-0.519491
485.25,0.473111,-0.260895,-0.503952
485.3,0.484261,-0.245102,-0.468544
485.35,0.49153,-0.233983,-0.444288
485.4,0.523662,-0.232489,-0.417827
485.45,0.506335,-0.213989,-0.399855
485.5,-0.0678323,-0.30628,-1.78875
485.55,-0.204284,-0.325356,-2.13146
485.6,-0.0964639,-0.301207,-1.88073
485.65,-0.172774,-0.298743,-2.09513
485.7,-0.111996,-0.290228,-1.93908
485.75,-0.174078,-0.286064,-2.11746
485.8,-0.0870732,-0.272769,-1.87979
485.85,0.584649,-0.254998,-0.411282
485.9,0.592634,-0.268302,-0.42512
485.95,0.616823,-0.271804,-0.415052
486,0.656785,-0.275221,-0.396814
486.05,0.685027,-0.259102,-0.361605
486.1,0.688361,-0.237586,-0.332345
486.15,0.703709,-0.229572,-0.315345
486.2,0.701624,-0.201307,-0.27941
486.25,0.73616,-0.194888,-0.2588
486.3,0.721242,-0.180702,-0.24549
486.35,0.0631521,-0.213356,-1.28302
486.4,-0.155345,-0.222675,-2.17993
486.45,-0.175724,-0.206881,-2.27494
486.5,-0.0772255,-0.195952,-1.94621
486.55,0.0151483,-0.180848,-1.48723
486.6,-0.0648665,-0.181776,-1.91356
486.65,0.105104,-0.183552,-1.05076
486.7,0.747299,-0.185297,-0.243053
486.75,0.767544,-0.181157,-0.23178
486.8,0.795785,-0.17274,-0.213752
486.85,0.807202,-0.167779,-0.204935
486.9,0.829938,-0.159686,-0.190084
486.95,0.844345,-0.137925,-0.161922
487,0.879667,-0.137178,-0.154697
487.05,0.868315,-0.11652,-0.133394
487.1,0.504128,-0.162501,-0.311824
487.15,0.392137,-0.168408,-0.405645
487.2,0.166735,-0.211732,-0.903734
487.25,0.135305,-0.215512,-1.01016
487.3,0.0934312,-0.227604,-1.18127
487.35,0.0888103,-0.235297,-1.20989
487.4,0.071964,-0.227837,-1.26486
487.45,-0.0147966,-0.231193,-1.63471
487.5,-0.0704986,-0.251359,-1.84424
487.55,-0.0728009,-0.251871,-1.85217
487.6,-0.0821928,-0.255166,-1.88242
487.65,-0.0888096,-0.254025,-1.90712
487.7,-0.0690638,-0.267033,-1.82388
487.75,-0.0887597,-0.267286,-1.89142
487.8,-0.089455,-0.272518,-1.88797
487.85,-0.0914074,-0.276146,-1.89046
487.9,-0.0841155,-0.283515,-1.85921
487.95,-0.0252144,-0.318098,-1.6499
488,-0.00796268,-0.322669,-1.59547
488.05,0.0283363,-0.318323,-1.48201
488.1,0.0177052,-0.325847,-1.51651
488.15,0.0127736,-0.331977,-1.53234
488.2,0.0207517,-0.345397,-1.51079
488.25,0.0213451,-0.347387,-1.50943
488.3,0.0330686,-0.352015,-1.47713
488.35,0.0172225,-0.358945,-1.52285
488.4,0.0237055,-0.364886,-1.50592
488.45,0.0332211,-0.358476,-1.47839
488.5,0.0406815,-0.370078,-1.46131
488.55,0.0370823,-0.363992,-1.46927
488.6,0.0396086,-0.374937,-1.46555
488.65,0.0460111,-0.374628,-1.44859
488.7,0.0445617,-0.373926,-1.45218
488.75,0.0461024,-0.370037,-1.44685
488.8,0.0649448,-0.363131,-1.39382
488.85,0.0735421,-0.362653,-1.37072
488.9,0.0684156,-0.376341,-1.39097
488.95,0.0937453,-0.365542,-1.31975
489,0.110317,-0.365252,-1.27748
489.05,0.12623,-0.359922,-1.23349
489.1,0.159308,-0.338027,-1.13038
489.15,0.179551,-0.330286,-1.07286
489.2,0.178086,-0.328794,-1.0744
489.25,0.224491,-0.3074,-0.94003
489.3,0.248718,-0.289758,-0.861466
489.35,0.277838,-0.267951,-0.767285
489.4,0.312941,-0.254879,-0.683499
489.45,0.388901,-0.232748,-0.539299
489.5,0.483705,-0.220081,-0.426996
489.55,0.671543,-0.218046,-0.313955
489.6,0.895342,-0.23384,-0.255467
489.65,1.13223,-0.219725,-0.191681
489.7,1.13225,-0.264432,-0.229433
489.75,1.1069,-0.303727,-0.267803
489.8,1.10917,-0.348943,-0.304795
489.85,1.10353,-0.382663,-0.333788
489.9,1.09405,-0.427084,-0.372176
489.95,1.07296,-0.468356,-0.411577
490,1.07183,-0.494816,-0.432506
490.05,1.06192,-0.519518,-0.45499
490.1,1.05142,-0.555103,-0.48576
490.15,1.03953,-0.569363,-0.501084
490.2,0.000755449,0.000366987,0.452212
490.25,0.00582482,0.00283459,0.452903
490.3,0.00581939,0.00283599,0.453464
490.35,0.00581624,0.00283704,0.453823
490.4,0.00581441,0.00283781,0.454054
490.45,0.00581351,0.00283829,0.454182
490.5,0.0058132,0.00283848,0.45423
490.55,0.00581302,0.00283864,0.454263
490.6,-0.351425,-0.0528798,-2.99224
490.65,-0.35006,-0.057664,-2.97833
490.7,-0.407326,-0.0690333,-2.97371
490.75,-0.397744,-0.0781102,-2.94768
490.8,-0.392115,-0.0828518,-2.93336
490.85,-0.404275,-0.093478,-2.91436
490.9,-0.4307,-0.106765,-2.8986
490.95,-0.423037,-0.112278,-2.88216
491,-0.415313,-0.117844,-2.86511
491.05,-0.42218,-0.125589,-2.85245
491.1,-0.412653,-0.12782,-2.84121
491.15,-0.433314,-0.143565,-2.82166
491.2,-0.433456,-0.148801,-2.81091
491.25,-0.424963,-0.150693,-2.80082
491.3,-0.440663,-0.161455,-2.79039
491.35,-0.417363,-0.161392,-2.77261
491.4,-0.400384,-0.158736,-2.76414
491.45,-0.400074,-0.162822,-2.75508
491.5,-0.395153,-0.168378,-2.73878
491.55,-0.40067,-0.174367,-2.73112
491.6,-0.394051,-0.170642,-2.73293
491.65,0.00576011,0.0029401,0.471951
491.7,0.00575618,0.00294581,0.473015
491.75,0.0057521,0.00295158,0.474097
491.8,0.00574863,0.00295649,0.475018
491.85,0.00574643,0.00295976,0.475624
491.9,-0.408877,-0.17762,-2.73178
491.95,-0.41833,-0.179105,-2.73706
492,-0.481543,-0.207893,-2.73404
492.05,-0.457802,-0.207731,-2.71562
492.1,-0.441066,-0.216313,-2.68563
492.15,-0.458448,-0.239147,-2.66078
492.2,-0.436611,-0.240719,-2.63773
492.25,-0.44119,-0.247727,-2.62996
492.3,-0.435341,-0.254871,-2.61194
492.35,-0.43266,-0.258794,-2.60254
492.4,-0.413943,-0.252732,-2.59345
492.45,-0.430321,-0.273395,-2.5756
492.5,-0.404045,-0.256504,-2.57595
492.55,0.00572528,0.0030204,0.485448
492.6,0.00572227,0.00302652,0.4865
492.65,0.00571913,0.00303267,0.487568
492.7,0.00571605,0.00303856,0.488595
492.75,0.00571383,0.00304314,0.489379
492.8,-0.399371,-0.243938,-2.59327
492.85,-0.438931,-0.274523,-2.58268
492.9,-0.446411,-0.285851,-2.57204
492.95,-0.450398,-0.301442,-2.55178
493,-0.424192,-0.301745,-2.5233
493.05,-0.440941,-0.331663,-2.4967
493.1,-0.418155,-0.329094,-2.47482
493.15,-0.411274,-0.332753,-2.46134
493.2,-0.391442,-0.314365,-2.46497
493.25,0.00570319,0.00308184,0.49542
493.3,0.00570086,0.00308824,0.49646
493.35,0.00569851,0.00309423,0.497445
493.4,0.00569627,0.00309987,0.498374
493.45,0.00569493,0.00310335,0.498944
493.5,0.00569476,0.0031039,0.499031
493.55,-0.414771,-0.332391,-2.46601
493.6,-0.422613,-0.337795,-2.46728
493.65,-0.459431,-0.365577,-2.46947
493.7,-0.437826,-0.364823,-2.4469
493.75,-0.429974,-0.377248,-2.42142
493.8,-0.415196,-0.391465,-2.3856
493.85,-0.40128,-0.392631,-2.36709
493.9,-0.389488,-0.390687,-2.35466
493.95,-0.392833,-0.397199,-2.35067
494,0.00568968,0.00314331,0.504728
494.05,0.00568811,0.00314997,0.505741
494.1,0.00568649,0.00315615,0.506694
494.15,0.00568522,0.00316104,0.507445
494.2,0.00568456,0.00316395,0.507886
494.25,0.00568447,0.0031644,0.507953
494.3,-0.408169,-0.404485,-2.36073
494.35,-0.419507,-0.409373,-2.36842
494.4,-0.427197,-0.425483,-2.35821
494.45,-0.406077,-0.419426,-2.34003
494.5,-0.412167,-0.456679,-2.30501
494.55,-0.377114,-0.434984,-2.28506
494.6,-0.376195,-0.449692,-2.26744
494.65,-0.373158,-0.462658,-2.24952
494.7,0.00568297,0.00319684,0.512412
494.75,0.005682,0.0032042,0.513468
494.8,0.00568094,0.00321111,0.514471
494.85,0.00568013,0.00321631,0.515225
494.9,0.00567988,0.0032183,0.515509
494.95,-0.410983,-0.468719,-2.29066
495,-0.38934,-0.466917,-2.26584
495.05,-0.382508,-0.465261,-2.25889
495.1,-0.35831,-0.460201,-2.23235
495.15,-0.358694,-0.487439,-2.20519
495.2,-0.367725,-0.517846,-2.18827
495.25,0.00567956,0.00323875,0.518255
495.3,0.00567901,0.00324571,0.51922
495.35,0.00567836,0.00325218,0.520129
495.4,0.00567778,0.00325778,0.520915
495.45,0.00567762,0.0032601,0.521234
495.5,0.0056776,0.00326036,0.52127
495.55,-0.347634,-0.474134,-2.20346
495.6,-0.375817,-0.516336,-2.19997
495.65,-0.369157,-0.528968,-2.1801
495.7,-0.357406,-0.524788,-2.16869
495.75,-0.346116,-0.540347,-2.1405
495.8,-0.334047,-0.550816,-2.11595
495.85,-0.32711,-0.547714,-2.10917
495.9,0.00567894,0.00328539,0.524477
495.95,0.00567876,0.00329244,0.52542
496,0.00567841,0.00329954,0.526383
496.05,0.00567796,0.00330632,0.527309
496.1,0.00567767,0.00331075,0.527914
496.15,0.00567761,0.00331289,0.5282
496.2,0.00567762,0.00331316,0.528235
496.25,0.00567763,0.00331342,0.528267
496.3,-0.334718,-0.553738,-2.1145
496.35,-0.340479,-0.586525,-2.09676
496.4,-0.334554,-0.577599,-2.09579
496.45,-0.303265,-0.55339,-2.07211
496.5,-0.283687,-0.548328,-2.04824
496.55,-0.288736,-0.579186,-2.03326
496.6,0.00568018,0.00333413,0.530788
496.65,0.00568058,0.00334129,0.531694
496.7,0.00568077,0.00334774,0.532522
496.75,0.00568091,0.00335368,0.533287
496.8,0.00568106,0.00335887,0.533953
496.85,0.00568124,0.00336337,0.534527
496.9,0.00568145,0.0033672,0.535009
496.95,0.0056817,0.00337034,0.535399
497,0.00568197,0.00337279,0.535697
497.05,0.00568222,0.00337465,0.535919
497.1,-0.275803,-0.591644,-2.00701
497.15,-0.270184,-0.591944,-1.99899
497.2,-0.271123,-0.626378,-1.97929
497.25,-0.263341,-0.647437,-1.9571
497.3,-0.243775,-0.64135,-1.93403
497.35,-0.229802,-0.629405,-1.92087
497.4,0.00568713,0.00339662,0.538393
497.45,0.00568833,0.00340388,0.53924
497.5,0.00568942,0.00341112,0.540093
497.55,0.00569028,0.00341812,0.54093
497.6,0.00569077,0.00342183,0.541371
497.65,0.00569085,0.00342241,0.54144
497.7,0.00569089,0.00342267,0.54147
497.75,0.00569095,0.00342294,0.5415
497.8,-0.234349,-0.638357,-1.92263
497.85,-0.229126,-0.633836,-1.91767
497.9,-0.23042,-0.663326,-1.90513
497.95,-0.212138,-0.654654,-1.88417
498,-0.203525,-0.684096,-1.85997
498.05,-0.189759,-0.688567,-1.83971
498.1,0.00569642,0.0034426,0.543608
498.15,0.00569803,0.00344988,0.544418
498.2,0.00569946,0.00345724,0.545251
498.25,0.00570075,0.00346453,0.546086
498.3,0.00570192,0.00347138,0.546871
498.35,0.00570307,0.00347823,0.547658
498.4,0.0057042,0.00348507,0.548444
498.45,0.00570502,0.00349037,0.549055
498.5,0.00570552,0.00349365,0.549435
498.55,0.00570581,0.00349537,0.549632
498.6,0.00570587,0.00349568,0.549666
498.65,0.00570593,0.00349594,0.549695
498.7,0.005706,0.00349621,0.549723
498.75,0.00570608,0.00349647,0.549751
498.8,-0.158151,-0.660281,-1.80589
498.85,-0.153948,-0.679641,-1.79355
498.9,-0.152317,-0.713647,-1.78108
498.95,-0.134059,-0.700652,-1.75985
499,-0.118229,-0.71588,-1.73447
499.05,-0.103172,-0.675449,-1.72237
499.1,0.00571355,0.00351716,0.551799
499.15,0.0057158,0.00352445,0.552547
499.2,0.00571792,0.00353178,0.55331
499.25,0.00571996,0.00353903,0.554068
499.3,0.00572162,0.00354516,0.554713
499.35,0.00572322,0.00355118,0.555347
499.4,0.00572481,0.0035572,0.555981
499.45,0.00572639,0.00356322,0.556616
499.5,0.00572795,0.00356924,0.557251
499.55,0.00572948,0.00357515,0.557875
499.6,0.00573052,0.00357899,0.558275
499.65,0.00573111,0.00358062,0.558434
499.7,0.00573119,0.00358089,0.558461
499.75,0.00573127,0.00358115,0.558488
499.8,0.00573136,0.00358142,0.558513
499.85,0.00573147,0.00358168,0.558538
499.9,0.00573158,0.00358194,0.558562
499.95,-0.0592067,-0.668925,-1.65908
500,-0.0516662,-0.749561,-1.63962
500.05,-0.0350642,-0.723221,-1.61924
500.1,-0.0268184,-0.740798,-1.60698
500.15,-0.0146007,-0.747039,-1.59034
500.2,-0.00855423,-0.752146,-1.58217
500.25,0.00574053,0.00359976,0.560093
500.3,0.00574378,0.00360683,0.560722
500.35,0.00574688,0.00361401,0.561374
500.4,0.00574967,0.00362048,0.561961
500.45,0.00575173,0.00362533,0.562403
500.5,0.00575353,0.00362944,0.562774
500.55,0.00575509,0.00363284,0.563074
500.6,0.00575641,0.00363552,0.563302
500.65,0.00575753,0.00363757,0.563469
500.7,0.00575839,0.00363902,0.563582
500.75,0.00575882,0.00363975,0.563639
500.8,0.0057589,0.0036399,0.563651
500.85,0.00575917,0.00364039,0.56369
500.9,0.0250577,-0.784769,-1.53888
500.95,0.0389166,-0.763994,-1.5199
501,0.0477845,-0.785138,-1.51001
501.05,0.0593449,-0.743519,-1.49115
501.1,0.0778045,-0.78145,-1.47156
501.15,0.00576943,0.00365663,0.564898
501.2,0.00577329,0.00366343,0.565435
501.25,0.00577698,0.00367038,0.566004
501.3,0.00577993,0.00367614,0.566483
501.35,0.00578204,0.00368028,0.566828
501.4,0.00578351,0.00368316,0.567067
501.45,0.00578429,0.00368468,0.567192
501.5,0.00578473,0.00368546,0.567255
501.55,0.00578514,0.00368616,0.567308
501.6,0.00578556,0.00368685,0.56736
501.65,0.0928093,-0.737128,-1.44555
501.7,0.104922,-0.788723,-1.43854
501.75,0.111563,-0.793142,-1.43105
501.8,0.132058,-0.770557,-1.40106
501.85,0.151011,-0.772179,-1.37767
501.9,0.00579618,0.00370138,0.568311
501.95,0.00580045,0.00370788,0.568774
502,0.00580445,0.00371442,0.569261
502.05,0.00580731,0.00371944,0.56965
502.1,0.00580964,0.00372364,0.569981
502.15,0.00581143,0.0037268,0.570227
502.2,0.00581252,0.00372877,0.570381
502.25,0.00581299,0.00372956,0.570441
502.3,0.00581339,0.00373019,0.570486
502.35,0.00581378,0.00373079,0.570529
502.4,0.00581415,0.00373134,0.570568
502.45,0.00581457,0.00373192,0.570605
502.5,0.174603,-0.793301,-1.35415
502.55,0.202649,-0.800835,-1.32295
502.6,0.222855,-0.808164,-1.30173
502.65,0.236854,-0.787045,-1.27848
502.7,0.00583604,0.00375831,0.572133
502.75,0.0058408,0.00376442,0.572502
502.8,0.00584533,0.00377058,0.572894
502.85,0.00585001,0.00377689,0.57329
502.9,0.00585512,0.00378366,0.573709
502.95,0.00586043,0.00379047,0.574116
503,0.00586584,0.00379718,0.574501
503.05,0.00587118,0.0038036,0.574857
503.1,0.00587652,0.00380982,0.575188
503.15,0.00588193,0.00381595,0.575502
503.2,0.00588742,0.00382199,0.575798
503.25,0.00589298,0.00382793,0.576076
503.3,0.00589861,0.00383379,0.576338
503.35,0.00590431,0.00383954,0.576582
503.4,0.00591008,0.00384521,0.57681
503.45,0.0059159,0.00385078,0.577022
503.5,0.00592179,0.00385627,0.577218
503.55,0.00592774,0.00386166,0.577397
503.6,0.00593375,0.00386695,0.577561
503.65,0.00593983,0.00387216,0.577708
503.7,0.00594593,0.00387725,0.577839
503.75,0.00595208,0.00388223,0.577953
503.8,0.00595828,0.00388712,0.578053
503.85,0.00596453,0.0038919,0.578136
503.9,0.00597081,0.00389658,0.578205
503.95,0.00597713,0.00390117,0.578259
504,0.00598349,0.00390568,0.578301
504.05,0.00598989,0.00391009,0.578328
504.1,0.00599633,0.0039144,0.578341
504.15,0.00600278,0.0039186,0.578339
504.2,0.00600937,0.00392276,0.578323
504.25,0.00601609,0.00392687,0.578291
504.3,0.00602285,0.00393087,0.578242
504.35,0.00602959,0.00393473,0.57818
504.4,0.00603637,0.00393851,0.578104
504.45,0.0060432,0.00394221,0.578017
504.5,0.00605004,0.00394581,0.577918
504.55,0.00605693,0.00394934,0.577806
504.6,0.00606384,0.00395276,0.57768
504.65,0.00607075,0.00395604,0.577538
504.7,0.00607767,0.00395918,0.57738
504.75,0.0060846,0.00396219,0.577207
504.8,0.00609153,0.00396508,0.57702
504.85,0.00609841,0.00396783,0.57682
504.9,0.00610534,0.00397048,0.576606
504.95,0.00611229,0.00397302,0.576379
505,0.00611921,0.00397542,0.576138
505.05,0.00612609,0.00397773,0.57589
505.1,0.00613301,0.00398002,0.575637
505.15,0.00613998,0.0039823,0.57538
505.2,0.00614692,0.00398451,0.575117
505.25,0.0061539,0.0039866,0.574839
505.3,0.0061608,0.00398842,0.574536
505.35,0.00616768,0.00399005,0.574213
505.4,0.00617454,0.00399153,0.573875
505.45,0.0061814,0.00399285,0.57352
505.5,0.00618826,0.00399405,0.573151
505.55,0.0061951,0.00399504,0.572762
505.6,0.00620192,0.00399597,0.572366
505.65,0.00620876,0.00399703,0.571985
505.7,0.00621559,0.00399818,0.571616
505.75,0.00622246,0.00399942,0.571254
505.8,0.00622934,0.00400065,0.570891
505.85,0.00623621,0.00400173,0.570514
505.9,0.00624302,0.00400248,0.570103
505.95,0.00624971,0.0040026,0.569629
506,0.00625637,0.00400245,0.569129
506.05,0.006263,0.00400207,0.568605
506.1,0.00626961,0.00400145,0.568057
506.15,0.00627619,0.00400059,0.567483
506.2,0.00628275,0.00399947,0.566883
506.25,0.00628929,0.00399812,0.566259
506.3,0.00629584,0.00399668,0.565625
506.35,0.00630247,0.00399546,0.56501
506.4,0.00630918,0.00399455,0.564426
506.45,0.00631601,0.00399414,0.563891
506.5,0.00632291,0.00399407,0.56339
506.55,0.00632977,0.00399382,0.562872
506.6,0.00633651,0.00399269,0.562264
506.65,0.00634308,0.00399034,0.561532
506.7,0.00634955,0.00398705,0.560701
506.75,0.00635597,0.00398325,0.559817
506.8,0.00636237,0.00397904,0.558889
506.85,0.00636875,0.00397434,0.557907
506.9,0.00637511,0.00396922,0.55688
506.95,0.00638148,0.00396358,0.555795
507,0.00638777,0.00395709,0.554619
507.05,0.00639416,0.00395093,0.553475
507.1,0.00640077,0.00394589,0.552442
507.15,0.00640757,0.00394178,0.551504
507.2,0.00641454,0.00393907,0.550711
507.25,0.0064216,0.00393703,0.54999
507.3,0.00642868,0.0039352,0.549292
507.35,0.00643558,0.00393155,0.548402
507.4,0.0064424,0.00392657,0.547368
507.45,0.00644918,0.00392049,0.546212
507.5,0.00645592,0.00391313,0.544914
507.55,0.00646264,0.00390428,0.543452
507.6,0.00646933,0.00389378,0.541803
507.65,0.00647606,0.0038822,0.540029
507.7,0.00648286,0.00386976,0.538153
507.75,0.00648974,0.00385642,0.536169
507.8,0.00649666,0.00384139,0.533988
507.85,0.00650388,0.00382832,0.532011
507.9,0.00651147,0.00381914,0.530452
507.95,0.00651927,0.00381234,0.529153
508,0.00652706,0.00380336,0.527607
508.05,0.00653484,0.00379231,0.525824
508.1,0.0065427,0.00377936,0.52382
508.15,0.00655062,0.00376165,0.521266
508.2,0.00655871,0.00374216,0.518493
508.25,0.00656703,0.00372154,0.515574
508.3,0.00657555,0.00369785,0.512286
508.35,0.0065844,0.00367868,0.509495
508.4,0.00659352,0.003667,0.507554
508.45,0.00660271,0.00366085,0.506251
508.5,0.00661185,0.00365781,0.505312
508.55,0.00662091,0.0036551,0.504419
508.6,0.00663012,0.00364773,0.502978
508.65,0.00663937,0.00364061,0.501565
508.7,0.00664869,0.00363385,0.500192
508.75,0.00665802,0.00362765,0.498884
508.8,0.00666744,0.00362176,0.497608
508.85,0.00667677,0.00361665,0.49643
508.9,0.00668609,0.00361211,0.495321
508.95,0.00669537,0.00360818,0.494286
509,0.00670461,0.00360488,0.493329
509.05,0.00671377,0.00360226,0.492457
509.1,0.00672285,0.00360031,0.491669
509.15,0.00673192,0.00359885,0.490939
509.2,0.00674085,0.00359817,0.490309
509.25,0.00674971,0.00359809,0.489755
509.3,0.00675857,0.00359791,0.48919
509.35,0.00676936,0.00358518,0.48706
509.4,0.00678104,0.00356695,0.484245
509.45,0.00679293,0.00354872,0.481418
509.5,0.00680509,0.00353003,0.478522
509.55,0.00681757,0.00351076,0.475542
509.6,0.00683066,0.00348911,0.472252
509.65,0.0068441,0.00346704,0.468893
509.7,0.00685539,0.00345911,0.467307
509.75,0.00686442,0.00346408,0.467355
509.8,0.00687142,0.00347845,0.468612
509.85,0.00687758,0.00349507,0.470173
509.9,0.00688602,0.0034996,0.4702
509.95,0.00689792,0.00348797,0.468162
510,0.00691042,0.00347412,0.465834
510.05,0.00692307,0.00346041,0.463517
510.1,0.00693603,0.00344609,0.461116
510.15,0.00694628,0.00344376,0.460259
510.2,0.00695286,0.00345614,0.461311
510.25,0.00695654,0.0034784,0.463663
510.3,0.00695865,0.00350458,0.466547
510.35,0.00696084,0.0035285,0.469158
510.4,0.00696673,0.00353824,0.469929
510.45,0.00697681,0.00353366,0.468824
510.5,0.00698818,0.00352493,0.467172
510.55,0.00699904,0.00351803,0.465761
510.6,0.00700744,0.00351905,0.465397
510.65,0.00701042,0.00353645,0.467206
510.7,0.00701056,0.00356139,0.47003
510.75,0.00701418,0.00357508,0.471372
510.8,0.00702267,0.00357429,0.470794
510.85,0.00703211,0.00357079,0.469855
510.9,0.00704057,0.00357006,0.469287
510.95,0.00704382,0.00358316,0.47058
511,0.00704227,0.00360809,0.473476
511.05,0.00703688,0.00364126,0.477513
511.1,0.00703057,0.00367503,0.48166
511.15,0.00702722,0.00370023,0.484667
511.2,0.00703059,0.00370898,0.485443
511.25,0.0070367,0.00371105,0.485315
511.3,0.00704259,0.00371355,0.485247
511.35,0.0070479,0.00371714,0.485335
511.4,0.00705066,0.00372613,0.486171
511.45,0.00704679,0.00374904,0.488935
511.5,0.00703892,0.00377939,0.492751
511.55,0.00703023,0.00381013,0.496653
511.6,0.00702342,0.00383598,0.499898
511.65,0.00702122,0.00385204,0.501789
511.7,0.00702278,0.00386043,0.502613
511.75,0.00702565,0.00386607,0.503058
511.8,0.0070283,0.00387194,0.50354
511.85,0.00703073,0.00387803,0.504058
511.9,0.00703282,0.00388457,0.504645
511.95,0.00703098,0.00389793,0.506211
512,0.00702459,0.00391893,0.508878
512.05,0.00701541,0.00394397,0.512151
512.1,0.0070057,0.00396903,0.515456
512.15,0.00699741,0.00399095,0.518331
512.2,0.00699005,0.0040107,0.520911
512.25,0.0069834,0.00402873,0.523261
512.3,0.00697978,0.00404154,0.524862
512.35,0.00697751,0.00405197,0.526122
512.4,0.00697639,0.0040604,0.527094
512.45,0.00697635,0.00406699,0.527802
512.5,0.00697666,0.00407293,0.528418
512.55,0.00697687,0.00407886,0.529039
512.6,0.00697697,0.0040848,0.529667
512.65,0.00697706,0.00409059,0.530279
512.7,0.00697522,0.00409899,0.53129
512.75,0.00697076,0.00411086,0.532834
512.8,0.00696464,0.00412468,0.534687
512.85,0.00695804,0.00413874,0.536597
512.9,0.00695172,0.00415201,0.538405
512.95,0.00694599,0.00416416,0.540056
513,0.00694288,0.00417266,0.541153
513.05,0.00694169,0.00417855,0.541853
513.1,0.00694138,0.0041832,0.542363
513.15,0.00694095,0.00418789,0.542886
513.2,0.00694048,0.00419251,0.543404
513.25,0.00694009,0.00419693,0.543896
513.3,0.00693926,0.00420177,0.544459
513.35,0.00693862,0.00420626,0.544972
513.4,0.00693745,0.00421126,0.545575
513.45,0.00693521,0.00421737,0.546362
513.5,0.00693218,0.00422423,0.547277
513.55,0.006929,0.00423107,0.548201
513.6,0.00692607,0.00423744,0.549058
513.65,0.00692356,0.00424317,0.549821
513.7,0.00692203,0.00424772,0.550398
513.75,0.00692095,0.00425168,0.550882
513.8,0.00692016,0.00425523,0.551306
513.85,0.00691962,0.00425844,0.551677
513.9,0.0069193,0.00426134,0.552002
513.95,0.00691915,0.00426398,0.552288
514,0.00691907,0.00426648,0.552555
514.05,0.00691898,0.0042689,0.552815
514.1,0.00691894,0.0042712,0.553057
514.15,0.00691867,0.00427365,0.553331
514.2,0.00691802,0.00427639,0.55366
514.25,0.00691709,0.00427929,0.554024
514.3,0.00691612,0.00428215,0.554385
514.35,0.00691526,0.00428481,0.554719
514.4,0.00691453,0.00428726,0.555022
514.45,0.00691412,0.00428935,0.555266
514.5,0.00691392,0.00429117,0.55547
514.55,0.00691388,0.00429278,0.55564
514.6,0.00691389,0.00429428,0.555797
514.65,0.00691388,0.00429573,0.555949
514.7,0.00691386,0.00429713,0.556096
514.75,0.00691382,0.00429848,0.556239
514.8,0.00691376,0.00429977,0.556378
514.85,0.00691371,0.00430101,0.55651
514.9,0.00691357,0.00430225,0.556648
514.95,0.0069133,0.00430352,0.556798
515,0.00691295,0.0043048,0.556955
515.05,0.00691257,0.00430604,0.557108
515.1,0.0069122,0.00430719,0.557252
515.15,0.00691186,0.00430826,0.557386
515.2,0.00691154,0.00430925,0.55751
515.25,0.00691125,0.00431015,0.557622
515.3,0.006911,0.00431097,0.557724
515.35,0.00691078,0.0043117,0.557814
515.4,0.00691055,0.00431237,0.5579
515.45,0.00691029,0.00431301,0.557983
515.5,0.00691001,0.00431361,0.558063
515.55,0.0069097,0.00431417,0.558142
515.6,0.00690937,0.00431469,0.558217
515.65,0.006909,0.00431517,0.558291
515.7,0.00690861,0.00431561,0.558363
515.75,0.00690817,0.00431604,0.558436
515.8,0.00690769,0.00431644,0.558509
515.85,0.00690716,0.00431681,0.558582
515.9,0.0069066,0.00431714,0.558653
515.95,0.00690602,0.00431743,0.55872
516,0.00690542,0.00431768,0.558785
516.05,0.0069048,0.00431787,0.558847
516.1,0.00690416,0.00431804,0.558905
516.15,0.0069035,0.00431815,0.55896
516.2,0.0069028,0.00431823,0.559013
516.25,0.00690209,0.00431826,0.559063
516.3,0.00690134,0.00431826,0.559112
516.35,0.00690057,0.00431822,0.559158
516.4,0.00689976,0.00431814,0.559203
516.45,0.00689893,0.00431803,0.559245
516.5,0.00689805,0.00431788,0.559287
516.55,0.00689715,0.0043177,0.559326
516.6,0.00689621,0.00431748,0.559365
516.65,0.00689525,0.00431722,0.559401
516.7,0.00689424,0.00431694,0.559437
516.75,0.0068932,0.00431661,0.559471
516.8,0.00689214,0.00431624,0.559502
516.85,0.00689104,0.00431583,0.559531
516.9,0.00688992,0.00431539,0.559558
516.95,0.00688875,0.0043149,0.559583
517,0.00688756,0.00431438,0.559607
517.05,0.00688634,0.00431383,0.559629
517.1,0.00688508,0.00431324,0.55965
517.15,0.00688378,0.00431263,0.559671
517.2,0.00688244,0.00431198,0.559691
517.25,0.00688106,0.00431129,0.559709
517.3,0.00687966,0.00431057,0.559725
517.35,0.00687822,0.0043098,0.559739
517.4,0.00687675,0.004309,0.559752
517.45,0.00687525,0.00430816,0.559763
517.5,0.00687371,0.00430729,0.559773
517.55,0.00687213,0.00430639,0.559781
517.6,0.00687053,0.00430545,0.559788
517.65,0.00686888,0.00430447,0.559794
517.7,0.0068672,0.00430346,0.559798
517.75,0.00686549,0.00430241,0.559801
517.8,0.00686374,0.00430133,0.559803
517.85,0.00686196,0.00430022,0.559803
517.9,0.00686014,0.00429907,0.559802
517.95,0.00685829,0.00429788,0.559799
518,0.00685641,0.00429667,0.559795
518.05,0.00685448,0.00429541,0.55979
518.1,0.00685253,0.00429413,0.559784
518.15,0.00685053,0.0042928,0.559776
518.2,0.00684851,0.00429145,0.559767
518.25,0.00684644,0.00429006,0.559757
518.3,0.00684434,0.00428864,0.559747
518.35,0.0068422,0.00428719,0.559735
518.4,0.00684003,0.00428571,0.559723
518.45,0.00683782,0.0042842,0.55971
518.5,0.00683556,0.00428266,0.559696
518.55,0.00683327,0.00428108,0.559682
518.6,0.00683094,0.00427948,0.559667
518.65,0.00682856,0.00427785,0.559651
518.7,0.00682616,0.00427618,0.559635
518.75,0.00682371,0.00427449,0.559618
518.8,0.00682122,0.00427277,0.559601
518.85,0.00681869,0.00427101,0.559583
518.9,0.00681612,0.00426923,0.559565
518.95,0.00681351,0.00426741,0.559546
519,0.00681086,0.00426557,0.559526
519.05,0.00680817,0.0042637,0.559506
519.1,0.00680545,0.0042618,0.559486
519.15,0.00680268,0.00425987,0.559465
519.2,0.00679987,0.00425791,0.559444
519.25,0.00679703,0.00425592,0.559422
519.3,0.00679414,0.0042539,0.5594
519.35,0.00679121,0.00425186,0.559377
519.4,0.00678825,0.00424978,0.559354
519.45,0.00678524,0.00424768,0.559331
519.5,0.00678219,0.00424555,0.559307
519.55,0.0067791,0.00424339,0.559283
519.6,0.00677597,0.0042412,0.559259
519.65,0.0067728,0.00423898,0.559234
519.7,0.00676958,0.00423674,0.55921
519.75,0.00676633,0.00423446,0.559184
519.8,0.00676303,0.00423216,0.559159
519.85,0.00675969,0.00422983,0.559133
519.9,0.00675631,0.00422747,0.559108
519.95,0.00675289,0.00422508,0.559081
520,0.00674943,0.00422267,0.559055
520.05,0.00674592,0.00422023,0.559028
520.1,0.00674237,0.00421776,0.559002
520.15,0.00673877,0.00421528,0.558978
520.2,0.00673512,0.00421277,0.558954
520.25,0.00673144,0.00421024,0.558929
520.3,0.00672772,0.00420766,0.558902
520.35,0.00672395,0.00420504,0.558874
520.4,0.00672014,0.00420239,0.558846
520.45,0.00671628,0.00419972,0.558818
520.5,0.00671238,0.00419701,0.55879
520.55,0.00670844,0.00419428,0.558761
520.6,0.00670445,0.00419153,0.558733
520.65,0.00670042,0.00418874,0.558705
520.7,0.00669635,0.00418593,0.558676
520.75,0.00669224,0.00418309,0.558647
520.8,0.00668808,0.00418023,0.558619
520.85,0.0066839,0.00417735,0.55859
520.9,0.00667967,0.00417444,0.558561
520.95,0.0066754,0.0041715,0.558532
521,0.00667108,0.00416854,0.558504
521.05,0.00666672,0.00416555,0.558475
521.1,0.00666232,0.00416254,0.558447
521.15,0.00665787,0.0041595,0.558419
521.2,0.00665338,0.00415643,0.558391
521.25,0.00664884,0.00415335,0.558363
521.3,0.00664426,0.00415023,0.558336
521.35,0.00663964,0.00414709,0.558309
521.4,0.00663497,0.00414392,0.558281
521.45,0.00663026,0.00414073,0.558255
521.5,0.00662549,0.00413752,0.558228
521.55,0.00662069,0.00413428,0.558202
521.6,0.00661584,0.00413101,0.558176
521.65,0.00661093,0.0041277,0.55815
521.7,0.00660599,0.00412438,0.558124
521.75,0.00660101,0.00412104,0.558099
521.8,0.00659598,0.00411767,0.558074
521.85,0.00659091,0.00411427,0.558049
521.9,0.00658579,0.00411086,0.558024
521.95,0.00658063,0.00410741,0.558
522,0.00657541,0.00410394,0.557976
522.05,0.00657017,0.00410045,0.557953
522.1,0.00656487,0.00409693,0.55793
522.15,0.00655953,0.00409339,0.557907
522.2,0.00655413,0.00408981,0.557884
522.25,0.00654869,0.00408621,0.55786
522.3,0.00654321,0.00408258,0.557838
522.35,0.00653767,0.00407893,0.557816
522.4,0.00653209,0.00407524,0.557794
522.45,0.00652647,0.00407155,0.557773
522.5,0.00652081,0.00406782,0.557752
522.55,0.0065151,0.00406408,0.557731
522.6,0.00650935,0.00406031,0.557711
522.65,0.00650355,0.00405651,0.557691
522.7,0.00649771,0.00405269,0.557671
522.75,0.00649183,0.00404886,0.557654
522.8,0.00648589,0.00404502,0.557638
522.85,0.00647991,0.00404115,0.557622
522.9,0.00647388,0.00403726,0.557608
522.95,0.00646781,0.00403334,0.557593
523,0.00646169,0.0040294,0.55758
523.05,0.00645553,0.00402543,0.557565
523.1,0.00644933,0.00402142,0.557548
523.15,0.00644309,0.00401738,0.557532
523.2,0.0064368,0.00401331,0.557516
523.25,0.00643047,0.00400922,0.5575
523.3,0.00642409,0.00400511,0.557485
523.35,0.00641767,0.00400097,0.557469
523.4,0.0064112,0.00399679,0.557453
523.45,0.00640469,0.0039926,0.557438
523.5,0.00639814,0.00398837,0.557423
523.55,0.00639154,0.00398412,0.557407
523.6,0.00638489,0.00397983,0.557391
523.65,0.0063782,0.00397553,0.557375
523.7,0.00637147,0.0039712,0.55736
523.75,0.00636469,0.00396685,0.557346
523.8,0.00635787,0.00396247,0.557332
523.85,0.006351,0.00395807,0.557318
523.9,0.00634409,0.00395364,0.557305
523.95,0.00633713,0.00394919,0.557292
524,0.00633013,0.00394472,0.557279
524.05,0.00632308,0.00394022,0.557267
524.1,0.00631598,0.0039357,0.557256
524.15,0.00630884,0.00393115,0.557245
524.2,0.00630166,0.00392658,0.557234
524.25,0.00629443,0.00392199,0.557224
524.3,0.00628715,0.00391737,0.557214
524.35,0.00627983,0.00391273,0.557205
524.4,0.00627246,0.00390806,0.557196
524.45,0.00626505,0.00390336,0.557187
524.5,0.00625759,0.00389865,0.557179
524.55,0.00625009,0.00389391,0.557171
524.6,0.00624254,0.00388914,0.557164
524.65,0.00623494,0.00388435,0.557157
524.7,0.0062273,0.00387953,0.557151
524.75,0.00621961,0.00387469,0.557145
524.8,0.00621187,0.00386982,0.55714
524.85,0.00620409,0.00386493,0.557135
524.9,0.00619627,0.00386002,0.55713
524.95,0.00618841,0.00385508,0.557125
525,0.0061805,0.00385012,0.557122
525.05,0.00617253,0.00384513,0.557118
525.1,0.00616452,0.00384011,0.557115
525.15,0.00615647,0.00383507,0.557112
525.2,0.00614837,0.00383003,0.557112
525.25,0.00614023,0.00382496,0.557113
525.3,0.00613204,0.00381988,0.557115
525.35,0.00612381,0.00381476,0.557116
525.4,0.00611553,0.00380962,0.557118
525.45,0.00610721,0.00380445,0.55712
525.5,0.00609884,0.00379927,0.557123
525.55,0.00609044,0.00379405,0.557125
525.6,0.00608198,0.00378881,0.557129
525.65,0.00607348,0.00378354,0.557132
525.7,0.00606494,0.00377826,0.557136
525.75,0.00605635,0.00377294,0.55714
525.8,0.00604772,0.0037676,0.557145
525.85,0.00603904,0.00376223,0.557149
525.9,0.00603032,0.00375685,0.557155
525.95,0.00602156,0.00375143,0.55716
526,0.00601275,0.00374599,0.557166
526.05,0.0060039,0.00374052,0.557171
526.1,0.005995,0.00373504,0.557178
526.15,0.00598606,0.00372952,0.557185
526.2,0.00597708,0.00372397,0.557189
526.25,0.00596806,0.00371838,0.557193
526.3,0.005959,0.00371276,0.557196
526.35,0.0059499,0.00370713,0.557201
526.4,0.00594074,0.00370148,0.557208
526.45,0.00593154,0.00369579,0.557214
526.5,0.0059223,0.00369007,0.557218
526.55,0.00591301,0.00368432,0.557222
526.6,0.00590368,0.00367853,0.557225
526.65,0.00589431,0.00367272,0.557229
526.7,0.0058849,0.00366688,0.557232
526.75,0.00587545,0.00366101,0.557234
526.8,0.00586595,0.00365511,0.557237
526.85,0.00585642,0.00364919,0.557239
526.9,0.00584684,0.00364323,0.55724
526.95,0.00583722,0.00363725,0.557242
527,0.00582756,0.00363124,0.557243
527.05,0.00581786,0.00362521,0.557244
527.1,0.00580812,0.00361914,0.557244
527.15,0.00579834,0.00361305,0.557244
527.2,0.00578852,0.00360692,0.557244
527.25,0.00577865,0.00360078,0.557244
527.3,0.00576875,0.0035946,0.557243
527.35,0.00575881,0.00358839,0.557242
527.4,0.00574882,0.00358216,0.557241
527.45,0.00573879,0.0035759,0.557239
527.5,0.00572873,0.00356961,0.557237
527.55,0.00571862,0.0035633,0.557235
527.6,0.00570847,0.00355696,0.557233
527.65,0.00569828,0.00355059,0.55723
527.7,0.00568806,0.0035442,0.557228
527.75,0.0056778,0.00353779,0.557226
527.8,0.00566748,0.00353135,0.557224
527.85,0.00565712,0.00352488,0.557223
527.9,0.00564672,0.00351839,0.557222
527.95,0.00563628,0.00351188,0.557221
528,0.00562579,0.00350534,0.55722
528.05,0.00561527,0.00349878,0.55722
528.1,0.0056047,0.0034922,0.55722
528.15,0.00559408,0.00348559,0.557221
528.2,0.00558343,0.00347895,0.557221
528.25,0.00557273,0.00347229,0.557222
528.3,0.00556199,0.00346561,0.557223
528.35,0.00555122,0.00345891,0.557225
528.4,0.00554039,0.00345217,0.557227
528.45,0.0055295,0.0034454,0.557229
528.5,0.00551856,0.00343861,0.557231
528.55,0.00550759,0.00343178,0.557233
528.6,0.00549662,0.00342497,0.557235
528.65,0.00548562,0.00341814,0.557238
528.7,0.00547455,0.00341126,0.557241
528.75,0.00546341,0.00340435,0.557245
528.8,0.00545224,0.00339742,0.557248
528.85,0.00544105,0.00339047,0.557252
528.9,0.00542981,0.0033835,0.557256
528.95,0.00541853,0.0033765,0.55726
529,0.00540722,0.00336948,0.557264
529.05,0.00539586,0.00336244,0.557269
529.1,0.00538446,0.00335537,0.557273
529.15,0.00537301,0.00334827,0.557278
529.2,0.00536153,0.00334115,0.557283
529.25,0.00535001,0.00333401,0.557288
529.3,0.00533845,0.00332684,0.557293
529.35,0.00532685,0.00331965,0.557298
529.4,0.0053152,0.00331243,0.557303
529.45,0.00530351,0.00330518,0.557309
529.5,0.00529178,0.00329792,0.557315
529.55,0.00528001,0.00329065,0.557324
529.6,0.00526819,0.00328335,0.557333
529.65,0.00525635,0.00327601,0.557339
529.7,0.00524446,0.00326865,0.557346
529.75,0.00523254,0.00326127,0.557352
529.8,0.00522055,0.00325383,0.557357
529.85,0.00520851,0.00324636,0.557362
529.9,0.00519643,0.00323887,0.557367
529.95,0.00518431,0.00323135,0.557372
530,0.00517215,0.00322381,0.557377
530.05,0.00515995,0.00321625,0.557383
530.1,0.00514772,0.00320865,0.557387
530.15,0.00513544,0.00320103,0.557392
530.2,0.00512313,0.00319339,0.557396
530.25,0.00511078,0.00318572,0.5574
530.3,0.00509839,0.00317803,0.557404
530.35,0.00508596,0.00317031,0.557408
530.4,0.0050735,0.00316256,0.557412
530.45,0.00506099,0.00315479,0.557415
530.5,0.00504845,0.003147,0.557418
530.55,0.00503587,0.00313918,0.557422
530.6,0.00502325,0.00313133,0.557424
530.65,0.0050106,0.00312346,0.557427
530.7,0.00499791,0.00311557,0.55743
530.75,0.00498518,0.00310765,0.557432
530.8,0.00497245,0.00309973,0.557434
530.85,0.00495968,0.00309179,0.557437
530.9,0.00494687,0.00308383,0.55744
530.95,0.00493402,0.00307584,0.557443
531,0.00492113,0.00306782,0.557446
531.05,0.00490819,0.00305978,0.55745
531.1,0.00489522,0.00305172,0.557453
531.15,0.00488222,0.00304364,0.557457
531.2,0.00486918,0.00303554,0.557461
531.25,0.0048561,0.00302741,0.557465
531.3,0.00484299,0.00301926,0.55747
531.35,0.00482982,0.00301109,0.557474
531.4,0.00481663,0.00300289,0.557479
531.45,0.00480337,0.00299466,0.557484
531.5,0.00479007,0.00298641,0.557489
531.55,0.00477674,0.00297813,0.557495
531.6,0.00476336,0.00296983,0.5575
531.65,0.00474998,0.00296152,0.557506
531.7,0.00473656,0.00295319,0.557511
531.75,0.00472312,0.00294484,0.557517
531.8,0.00470963,0.00293647,0.557522
531.85,0.00469611,0.00292808,0.557528
531.9,0.00468255,0.00291966,0.557534
531.95,0.00466895,0.00291122,0.55754
532,0.00465532,0.00290276,0.557546
532.05,0.00464165,0.00289428,0.557552
532.1,0.00462795,0.00288577,0.557558
532.15,0.00461421,0.00287724,0.557564
532.2,0.00460043,0.00286869,0.55757
532.25,0.00458662,0.00286012,0.557576
532.3,0.00457277,0.00285152,0.557582
532.35,0.00455889,0.0028429,0.557588
532.4,0.00454497,0.00283426,0.557594
532.45,0.00453102,0.0028256,0.5576
532.5,0.00451703,0.00281691,0.557606
532.55,0.00450301,0.0028082,0.557612
532.6,0.00448894,0.00279948,0.55762
532.65,0.00447484,0.00279073,0.557627
532.7,0.0044607,0.00278197,0.557636
532.75,0.00444652,0.0027732,0.557649
532.8,0.00443231,0.00276438,0.557655
532.85,0.00441805,0.00275551,0.55766
532.9,0.00440374,0.00274662,0.557665
532.95,0.0043894,0.00273771,0.557671
533,0.00437503,0.00272878,0.557676
533.05,0.00436062,0.00271982,0.557681
533.1,0.00434618,0.00271084,0.557685
533.15,0.00433171,0.00270183,0.557689
533.2,0.0043172,0.00269281,0.557692
533.25,0.00430267,0.00268375,0.557694
533.3,0.0042881,0.00267468,0.557697
533.35,0.00427349,0.00266558,0.557698
533.4,0.00425886,0.00265646,0.5577
533.45,0.0042442,0.00264732,0.5577
533.5,0.0042295,0.00263815,0.557701
533.55,0.00421477,0.00262897,0.557701
533.6,0.00420001,0.00261976,0.5577
533.65,0.00418522,0.00261052,0.557699
533.7,0.00417039,0.00260127,0.557698
533.75,0.00415554,0.00259199,0.557696
533.8,0.00414065,0.00258269,0.557693
533.85,0.00412574,0.00257337,0.55769
533.9,0.0041108,0.00256404,0.557687
533.95,0.00409586,0.0025547,0.557684
534,0.00408087,0.00254533,0.55768
534.05,0.00406586,0.00253596,0.557678
534.1,0.00405081,0.00252655,0.557675
534.15,0.00403571,0.00251712,0.557673
534.2,0.00402059,0.00250768,0.557671
534.25,0.00400545,0.00249822,0.557668
534.3,0.00399027,0.00248875,0.557667
534.35,0.00397506,0.00247925,0.557665
534.4,0.00395981,0.00246973,0.557664
534.45,0.00394454,0.0024602,0.557663
534.5,0.00392922,0.00245064,0.557661
534.55,0.00391387,0.00244106,0.557661
534.6,0.00389846,0.00243145,0.557661
534.65,0.00388302,0.00242182,0.557661
534.7,0.00386755,0.00241217,0.557661
534.75,0.00385205,0.00240251,0.557661
534.8,0.00383651,0.00239282,0.557662
534.85,0.00382094,0.00238311,0.557662
534.9,0.00380534,0.00237338,0.557662
534.95,0.00378971,0.00236364,0.557663
535,0.00377405,0.00235387,0.557663
535.05,0.00375838,0.0023441,0.557663
535.1,0.00374266,0.0023343,0.557664
535.15,0.00372692,0.00232449,0.557666
535.2,0.00371116,0.00231466,0.557667
535.25,0.00369535,0.00230481,0.557668
535.3,0.00367952,0.00229494,0.55767
535.35,0.00366366,0.00228506,0.557671
535.4,0.00364779,0.00227517,0.557673
535.45,0.00363191,0.00226528,0.557674
535.5,0.003616,0.00225536,0.557675
535.55,0.00360006,0.00224542,0.557677
535.6,0.00358409,0.00223547,0.557678
535.65,0.00356809,0.0022255,0.557681
535.7,0.00355206,0.00221551,0.557682
535.75,0.00353599,0.0022055,0.557686
535.8,0.0035199,0.00219548,0.557689
535.85,0.00350376,0.00218546,0.557697
535.9,0.0034876,0.00217542,0.557707
535.95,0.00347142,0.00216536,0.557713
536,0.00345523,0.00215528,0.557717
536.05,0.00343896,0.00214514,0.557718
536.1,0.00342266,0.00213497,0.557719
536.15,0.00340633,0.00212479,0.55772
536.2,0.00338996,0.00211459,0.557721
536.25,0.00337357,0.00210437,0.557721
536.3,0.00335718,0.00209415,0.557722
536.35,0.00334079,0.00208392,0.557723
536.4,0.00332437,0.00207369,0.557723
536.45,0.00330793,0.00206343,0.557724
536.5,0.00329146,0.00205316,0.557724
536.55,0.00327496,0.00204287,0.557725
536.6,0.00325844,0.00203257,0.557726
536.65,0.00324189,0.00202225,0.557727
536.7,0.00322531,0.00201191,0.557728
536.75,0.0032087,0.00200156,0.557729
536.8,0.00319207,0.00199119,0.55773
536.85,0.00317542,0.00198081,0.557731
536.9,0.00315874,0.00197041,0.557732
536.95,0.00314203,0.00195999,0.557734
537,0.0031253,0.00194956,0.557735
537.05,0.00310854,0.00193911,0.557736
537.1,0.00309176,0.00192865,0.557738
537.15,0.00307495,0.00191817,0.55774
537.2,0.00305812,0.00190768,0.557742
537.25,0.00304124,0.00189716,0.557744
537.3,0.00302434,0.00188663,0.557746
537.35,0.00300742,0.00187608,0.557749
537.4,0.00299048,0.00186553,0.557752
537.45,0.00297353,0.00185496,0.557755
537.5,0.00295654,0.00184438,0.557758
537.55,0.00293954,0.00183379,0.557761
537.6,0.0029225,0.00182317,0.557764
537.65,0.00290545,0.00181255,0.557768
537.7,0.00288837,0.0018019,0.55777
537.75,0.00287123,0.00179122,0.557774
537.8,0.00285406,0.00178052,0.557777
537.85,0.00283686,0.00176981,0.55778
537.9,0.00281965,0.00175908,0.557784
537.95,0.00280241,0.00174834,0.557787
538,0.00278515,0.00173759,0.557791
538.05,0.0027679,0.00172684,0.557794
538.1,0.00275064,0.00171608,0.557796
538.15,0.00273335,0.00170531,0.5578
538.2,0.00271605,0.00169453,0.557804
538.25,0.00269872,0.00168373,0.557807
538.3,0.00268136,0.00167291,0.557811
538.35,0.00266399,0.00166209,0.557814
538.4,0.0026466,0.00165125,0.557818
538.45,0.00262918,0.00164039,0.557822
538.5,-0.0972806,-0.211862,-2.00125
538.55,-0.102491,-0.223008,-2.00159
538.6,-0.0976159,-0.222823,-1.9837
538.65,-0.101749,-0.240129,-1.97159
538.7,-0.0928693,-0.237679,-1.94329
538.75,-0.0830471,-0.230788,-1.91621
538.8,-0.0873472,-0.259094,-1.89596
538.85,-0.0758887,-0.233017,-1.88564
538.9,-0.0734443,-0.238493,-1.86953
538.95,-0.0676199,-0.232207,-1.85416
539,-0.0643682,-0.233135,-1.84018
539.05,-0.0638065,-0.244182,-1.82639
539.1,-0.0570281,-0.231173,-1.81266
539.15,-0.053932,-0.223586,-1.80749
539.2,-0.0500193,-0.221197,-1.79319
539.25,-0.0485505,-0.230359,-1.77852
539.3,-0.0433296,-0.222817,-1.76286
539.35,0.0022941,0.00155934,0.596982
539.4,0.00227338,0.00156489,0.602866
539.45,0.00225311,0.00157064,0.608777
539.5,0.00223504,0.00157592,0.614139
539.55,0.00222006,0.00158045,0.618664
539.6,0.00220825,0.00158426,0.622327
539.65,0.00219984,0.0015874,0.625073
539.7,0.00219344,0.00158989,0.627203
539.75,0.0021922,0.00159031,0.627595
539.8,0.00219158,0.00159056,0.627806
539.85,0.00219094,0.00159079,0.628014
539.9,0.0021905,0.00159094,0.628156
539.95,0.00219005,0.00159111,0.628302
540,0.00218973,0.00159123,0.628408
540.05,0.00218931,0.00159136,0.628538
540.1,0.00218892,0.00159148,0.628658
540.15,0.00218864,0.00159155,0.628741
540.2,0.00218774,0.00159182,0.629017
540.25,0.00218679,0.0015921,0.629307
540.3,0.00218582,0.00159236,0.629596
540.35,0.00218527,0.00159246,0.629746
540.4,0.00218471,0.00159258,0.629905
540.45,0.00218418,0.00159268,0.630048
540.5,0.0021837,0.00159277,0.63018
540.55,0.00218322,0.00159283,0.630301
540.6,0.00218263,0.00159294,0.630464
540.65,0.00218226,0.00159299,0.630559
540.7,0.00218227,0.00159296,0.630548
540.75,0.00218212,0.00159297,0.630584
540.8,0.00218205,0.00159297,0.6306
540.85,-0.0464528,-0.226388,-1.77318
540.9,0.002181,0.00159305,0.630853
540.95,-0.0448351,-0.23073,-1.76272
541,0.00217829,0.00159324,0.631504
541.05,0.00217725,0.0015933,0.631748
541.1,0.00217501,0.00159351,0.6323
541.15,-0.0454033,-0.23293,-1.76331
541.2,0.00217421,0.00159359,0.632502
541.25,0.00217399,0.00159366,0.63257
541.3,-0.044015,-0.236838,-1.75454
541.35,-0.0473459,-0.231047,-1.77292
541.4,0.00217166,0.00159388,0.633148
541.45,0.00216867,0.00159425,0.633914
541.5,-0.0368302,-0.222581,-1.73478
541.55,0.00215397,0.00159513,0.637429
541.6,0.0021521,0.00159531,0.637896
541.65,0.00214856,0.00159561,0.638776
541.7,0.00214746,0.00159567,0.639038
541.75,-0.0434965,-0.227825,-1.75945
541.8,0.00214607,0.00159574,0.63937
541.85,-0.040312,-0.219926,-1.75208
541.9,-0.0430469,-0.236417,-1.7509
541.95,-0.0407652,-0.222046,-1.75236
542,-0.0378699,-0.235468,-1.73026
542.05,-0.033956,-0.225869,-1.72001
542.1,0.00212304,0.00159865,0.645421
542.15,0.00210788,0.00160107,0.649594
542.2,0.00209163,0.00160399,0.654203
542.25,0.00207691,0.00160701,0.658529
542.3,0.00206519,0.00160979,0.662106
542.35,0.0020584,0.0016113,0.664159
542.4,0.00205675,0.0016115,0.664611
542.45,0.00205648,0.00161153,0.664682
542.5,0.00205602,0.00161164,0.664825
542.55,0.00205512,0.00161179,0.665083
542.6,0.00205423,0.00161195,0.66534
542.65,0.00205353,0.00161204,0.665532
542.7,0.00205274,0.00161214,0.665751
542.75,-0.0323339,-0.224345,-1.71394
542.8,0.00205115,0.0016123,0.666174
542.85,0.00205074,0.00161231,0.666274
542.9,-0.0293701,-0.234411,-1.69544
542.95,0.00204799,0.00161263,0.667023
543,0.00204778,0.00161267,0.667083
543.05,-0.0323735,-0.242498,-1.70351
543.1,-0.0352099,-0.240389,-1.71623
543.15,-0.0301211,-0.229478,-1.70131
543.2,0.00204268,0.0016133,0.668487
543.25,0.00203677,0.00161399,0.670105
543.3,0.00202762,0.00161511,0.672637
543.35,0.00201958,0.00161565,0.674737
543.4,0.00201668,0.00161579,0.675481
543.45,0.002016,0.00161585,0.675661
543.5,-0.0304798,-0.237588,-1.69839
543.55,-0.0273484,-0.22446,-1.69204
543.6,0.00201461,0.00161595,0.67603
543.65,-0.0249017,-0.241656,-1.67348
543.7,0.00200675,0.00161676,0.678182
543.75,-0.0225348,-0.227896,-1.66936
543.8,-0.0245811,-0.239676,-1.673
543.85,-0.0258364,-0.228599,-1.68334
543.9,0.00199193,0.00161807,0.682204
543.95,0.001984,0.00161901,0.684441
544,0.00197216,0.00162031,0.68777
544.05,0.00196448,0.00162098,0.689886
544.1,0.00196161,0.00162113,0.690652
544.15,0.00196077,0.00162122,0.690887
544.2,0.00196034,0.00162127,0.691008
544.25,-0.02343,-0.223348,-1.67532
544.3,-0.0240214,-0.237578,-1.67156
544.35,0.00195815,0.0016214,0.691599
544.4,0.00195498,0.00162184,0.692527
544.45,0.00194685,0.00162263,0.694815
544.5,0.00194012,0.0016231,0.696661
544.55,-0.0193697,-0.222907,-1.65747
544.6,0.0019381,0.00162324,0.697217
544.65,-0.0198529,-0.245117,-1.65161
544.7,-0.0191269,-0.23253,-1.65287
544.75,0.00193406,0.00162344,0.698307
544.8,-0.0163842,-0.239849,-1.639
544.85,-0.0151323,-0.224297,-1.63816
544.9,-0.0188615,-0.249327,-1.6463
544.95,0.00191426,0.00162507,0.703872
545,0.00190297,0.00162634,0.707178
545.05,0.00188924,0.00162826,0.71134
545.1,0.0018772,0.00163004,0.715043
545.15,0.00186787,0.00163151,0.717955
545.2,0.0018622,0.00163207,0.719633
545.25,0.00186096,0.00163226,0.720022
545.3,0.00185986,0.00163243,0.720368
545.35,0.00185873,0.00163261,0.72072
545.4,0.0018576,0.00163277,0.721073
545.45,0.00185645,0.00163292,0.721425
545.5,0.0018553,0.00163306,0.721777
545.55,0.00185413,0.0016332,0.72213
545.6,-0.0126931,-0.244267,-1.62271
545.65,-0.0126344,-0.22883,-1.62595
545.7,-0.00939703,-0.226887,-1.61219
545.75,-0.00830075,-0.229699,-1.60692
545.8,0.00184062,0.00163445,0.726139
545.85,0.00182716,0.00163576,0.730185
545.9,0.00181168,0.00163756,0.73496
545.95,0.00179649,0.00163964,0.739785
546,0.00178699,0.00164076,0.742763
546.05,0.00178232,0.00164107,0.744162
546.1,0.00177765,0.00164139,0.745566
546.15,0.00177298,0.00164171,0.746974
546.2,0.0017683,0.00164203,0.748388
546.25,0.00176363,0.00164235,0.749806
546.3,0.00175895,0.00164267,0.751229
546.35,0.00175427,0.001643,0.752658
546.4,0.00174958,0.00164332,0.754091
546.45,0.00174489,0.00164365,0.755529
546.5,0.0017402,0.00164398,0.756972
546.55,0.00173551,0.00164431,0.75842
546.6,0.00173082,0.00164464,0.759872
546.65,0.00172612,0.00164497,0.76133
546.7,0.00172142,0.00164531,0.762793
546.75,0.00171672,0.00164564,0.764261
546.8,0.00171202,0.00164598,0.765734
546.85,0.00170731,0.00164632,0.767212
546.9,0.0017026,0.00164666,0.768695
546.95,0.00169789,0.001647,0.770183
547,0.00169318,0.00164733,0.771675
547.05,0.00168846,0.00164767,0.773172
547.1,0.00168373,0.00164799,0.774672
547.15,0.001679,0.00164832,0.776177
547.2,0.00167427,0.00164864,0.777686
547.25,0.00166953,0.00164896,0.779199
547.3,0.00166478,0.00164927,0.780716
547.35,0.00166003,0.00164958,0.782238
547.4,0.00165528,0.00164988,0.783764
547.45,0.00869427,-0.223261,-1.53187
547.5,0.00735339,-0.230503,-1.53891
547.55,0.00841434,-0.228032,-1.53391
547.6,0.0148503,-0.245427,-1.51036
547.65,0.0210664,-0.245284,-1.48512
547.7,0.00161443,0.00164838,0.795803
547.75,0.00159523,0.0016486,0.801851
547.8,0.00157587,0.00164933,0.808171
547.85,0.00156171,0.00164987,0.812842
547.9,0.00155453,0.00165002,0.815187
547.95,0.00155236,0.00165006,0.815897
548,0.00155094,0.00165009,0.816361
548.05,0.00154956,0.00165009,0.816809
548.1,0.00154828,0.00165006,0.817212
548.15,0.0164372,-0.2315,-1.49991
548.2,0.0201782,-0.263586,-1.49439
548.25,0.0221698,-0.241781,-1.47936
548.3,0.029294,-0.257966,-1.45772
548.35,0.0337556,-0.258326,-1.44086
548.4,0.00151133,0.00164657,0.828198
548.45,0.00149211,0.00164588,0.834363
548.5,0.0014724,0.00164581,0.840956
548.55,0.00145607,0.00164601,0.84655
548.6,0.00144401,0.00164617,0.850726
548.65,0.0014364,0.00164627,0.853373
548.7,0.00143375,0.00164629,0.854294
548.75,0.00143263,0.00164626,0.854672
548.8,0.0014315,0.00164623,0.855053
548.85,0.00143037,0.00164619,0.855435
548.9,0.00142898,0.00164612,0.855893
548.95,0.034708,-0.257939,-1.43704
549,0.0357357,-0.253668,-1.43084
549.05,0.0352575,-0.239927,-1.42489
549.1,0.0423524,-0.251942,-1.40425
549.15,0.0447059,-0.234658,-1.38254
549.2,0.00138991,0.00164026,0.86783
549.25,0.00136981,0.00163837,0.874441
549.3,0.00134908,0.00163718,0.881576
549.35,0.00133074,0.00163665,0.888126
549.4,0.00131862,0.0016366,0.892586
549.45,0.00131211,0.00163657,0.894994
549.5,0.00131027,0.00163652,0.895662
549.55,0.00130967,0.00163649,0.895876
549.6,0.00130944,0.00163646,0.895954
549.65,0.00130845,0.00163632,0.896282
549.7,0.00130702,0.00163617,0.896769
549.75,0.0440297,-0.239969,-1.38933
549.8,0.0464475,-0.244729,-1.38324
549.85,0.051519,-0.263848,-1.37796
549.9,0.0534514,-0.246037,-1.35687
549.95,0.0552244,-0.236391,-1.3413
550,0.0597058,-0.238437,-1.32544
550.05,0.00125567,0.00162514,0.912954
550.1,0.00123529,0.00162229,0.920006
550.15,0.00121552,0.00162022,0.927156
550.2,0.00120056,0.001619,0.932729
550.25,0.00119114,0.00161822,0.936267
550.3,0.00118705,0.00161803,0.937849
550.35,0.00118683,0.00161801,0.937929
550.4,0.00118662,0.00161797,0.938007
550.45,0.0011864,0.00161794,0.938083
550.5,0.00118618,0.0016179,0.938157
550.55,0.00118597,0.00161785,0.93823
550.6,0.0558944,-0.229056,-1.33145
550.65,0.0673362,-0.262902,-1.32006
550.7,0.0667122,-0.256487,-1.31634
550.75,0.0726348,-0.262039,-1.30039
550.8,0.0719074,-0.237933,-1.27731
550.85,0.00115243,0.00160811,0.948991
550.9,0.00113206,0.00160356,0.956076
550.95,0.00111312,0.00160012,0.962997
551,0.00110011,0.00159799,0.967876
551.05,0.00109327,0.00159694,0.970477
551.1,0.00109157,0.00159672,0.971141
551.15,0.00109022,0.00159648,0.971647
551.2,0.00108881,0.00159613,0.972148
551.25,0.00108742,0.00159575,0.972631
551.3,0.0814543,-0.272496,-1.28033
551.35,0.0777987,-0.255674,-1.27541
551.4,0.0814357,-0.255659,-1.26243
551.45,0.0851746,-0.257587,-1.25145
551.5,0.0880951,-0.25388,-1.2368
551.55,0.0729612,-0.211881,-1.23916
551.6,0.0010384,0.00158057,0.989531
551.65,0.00101846,0.00157561,0.996962
551.7,0.000999379,0.00157164,1.00441
551.75,0.000985678,0.00156908,1.00991
551.8,0.000976815,0.00156743,1.0135
551.85,0.000972383,0.00156667,1.01532
551.9,0.000971143,0.00156644,1.01582
551.95,0.000970108,0.0015662,1.01623
552,0.00096936,0.00156605,1.01653
552.05,0.000968806,0.00156588,1.01674
552.1,0.000967958,0.00156563,1.01706
552.15,0.0776206,-0.22419,-1.23749
552.2,0.0903967,-0.24544,-1.21791
552.25,0.091622,-0.246788,-1.21531
552.3,0.0906661,-0.23876,-1.20788
552.35,0.113491,-0.274696,-1.179
552.4,0.000938648,0.00155481,1.02766
552.45,0.000920376,0.00154905,1.03469
552.5,0.000901094,0.00154372,1.04244
552.55,0.000886131,0.00153993,1.04863
552.6,0.000876387,0.00153755,1.05274
552.65,0.000869833,0.0015359,1.0555
552.7,0.000865804,0.00153487,1.0572
552.75,0.000864355,0.0015345,1.05781
552.8,0.000863035,0.00153408,1.05835
552.85,0.000861732,0.00153364,1.05887
552.9,0.000860446,0.00153317,1.05938
552.95,0.0868062,-0.216987,-1.19024
553,0.111819,-0.263529,-1.16951
553.05,0.11705,-0.266472,-1.15691
553.1,0.114241,-0.249269,-1.14106
553.15,0.000840473,0.00152465,1.06699
553.2,0.000824781,0.00151835,1.07318
553.25,0.000807292,0.00151194,1.08036
553.3,0.000794194,0.00150746,1.08591
553.35,0.000785494,0.00150444,1.08961
553.4,0.000779384,0.00150229,1.09222
553.45,0.000777596,0.00150168,1.093
553.5,0.000776323,0.0015012,1.09353
553.55,0.000775075,0.00150069,1.09405
553.6,0.000773837,0.00150015,1.09456
553.65,0.110929,-0.236492,-1.1322
553.7,0.115853,-0.244871,-1.12888
553.75,0.117692,-0.245662,-1.12403
553.8,0.129227,-0.256228,-1.10368
553.85,0.129696,-0.240327,-1.07592
553.9,0.000741153,0.00148366,1.10751
553.95,0.000723343,0.00147586,1.11509
554,0.000704973,0.00146852,1.12323
554.05,0.00069122,0.00146337,1.12951
554.1,0.000682598,0.0014602,1.13351
554.15,0.000678012,0.00145845,1.13563
554.2,0.000676512,0.00145792,1.13634
554.25,0.000675273,0.0014574,1.1369
554.3,0.000674064,0.00145686,1.13745
554.35,0.000672836,0.0014563,1.13799
554.4,0.115633,-0.224633,-1.09541
554.45,0.124919,-0.235009,-1.08223
554.5,0.126162,-0.230158,-1.06937
554.55,0.128786,-0.226596,-1.05397
554.6,0.117843,-0.206683,-1.0526
554.65,0.000644172,0.00144095,1.1504
554.7,0.00062956,0.00143383,1.15707
554.75,0.000612243,0.001426,1.16525
554.8,0.000598119,0.00141998,1.17213
554.85,0.00058914,0.00141624,1.17658
554.9,0.000586092,0.00141502,1.17812
554.95,0.00058488,0.00141448,1.17871
555,0.00058366,0.00141392,1.17931
555.05,0.000582485,0.00141332,1.17987
555.1,0.000581336,0.00141271,1.18041
555.15,0.114954,-0.201693,-1.05277
555.2,0.133946,-0.228533,-1.04065
555.25,0.142361,-0.236034,-1.02807
555.3,0.150272,-0.240726,-1.01274
555.35,0.14354,-0.226902,-1.00675
555.4,0.000559932,0.00139973,1.19027
555.45,0.000548109,0.00139307,1.19594
555.5,0.000532736,0.00138471,1.20353
555.55,0.000520632,0.00137856,1.20969
555.6,0.00051345,0.00137493,1.2134
555.65,0.000510159,0.00137326,1.2151
555.7,0.000508978,0.00137264,1.21571
555.75,0.000508219,0.00137222,1.2161
555.8,0.000507405,0.00137175,1.21651
555.85,0.122372,-0.195689,-1.01195
555.9,0.135822,-0.216672,-1.01087
555.95,0.153372,-0.23528,-0.993107
556,0.150516,-0.222293,-0.975602
556.05,0.135295,-0.200837,-0.97797
556.1,0.128846,-0.191293,-0.978039
556.15,0.000477984,0.00135285,1.23117
556.2,0.000462511,0.00134404,1.23937
556.25,0.000444802,0.00133473,1.24912
556.3,0.000431055,0.00132791,1.25692
556.35,0.000421481,0.00132324,1.26243
556.4,0.000419158,0.00132217,1.2638
556.45,0.0004187,0.00132194,1.26406
556.5,0.000417668,0.0013214,1.26465
556.55,0.000417278,0.00132119,1.26488
556.6,0.000416917,0.00132098,1.26508
556.65,0.000416787,0.0013209,1.26515
556.7,0.000416658,0.00132082,1.26522
556.75,0.000416532,0.00132073,1.26529
556.8,0.155247,-0.220992,-0.958395
556.85,0.165642,-0.231208,-0.949137
556.9,0.161466,-0.224276,-0.946811
556.95,0.160485,-0.217237,-0.934532
557,0.160949,-0.214748,-0.927628
557.05,0.147554,-0.197007,-0.927951
557.1,0.000382822,0.00129634,1.28365
557.15,0.000365433,0.0012851,1.29375
557.2,0.000348553,0.00127485,1.30391
557.25,0.00033471,0.00126695,1.31251
557.3,0.000328495,0.00126352,1.31644
557.35,0.000328235,0.00126339,1.31661
557.4,0.000328112,0.00126332,1.31669
557.45,0.00032799,0.00126324,1.31676
557.5,0.000327869,0.00126316,1.31684
557.55,0.00032775,0.00126308,1.31691
557.6,0.000327633,0.00126299,1.31698
557.65,0.000327517,0.0012629,1.31705
557.7,0.160179,-0.207715,-0.913897
557.75,0.167118,-0.21615,-0.912639
557.8,0.163216,-0.206957,-0.903016
557.85,0.181648,-0.221247,-0.88337
557.9,0.160587,-0.188776,-0.865911
557.95,0.000300433,0.00124135,1.33334
558,0.000283018,0.00122887,1.34444
558.05,0.00026599,0.00121744,1.35569
558.1,0.000253425,0.0012094,1.36424
558.15,0.00024737,0.00120557,1.36842
558.2,0.000244954,0.00120403,1.37009
558.25,0.000244719,0.00120387,1.37025
558.3,0.000243761,0.00120324,1.37092
558.35,0.000243438,0.00120303,1.37114
558.4,0.000243091,0.00120278,1.37138
558.45,0.000242885,0.00120262,1.37151
558.5,0.143093,-0.175432,-0.886578
558.55,0.151363,-0.181979,-0.876986
558.6,0.167227,-0.196685,-0.86617
558.65,0.177557,-0.200148,-0.845138
558.7,0.166838,-0.181526,-0.827535
558.75,0.000221121,0.00118356,1.3861
558.8,0.000205425,0.00117091,1.39712
558.85,0.000189038,0.00115847,1.40904
558.9,0.000178589,0.00115081,1.41684
558.95,0.000175005,0.00114821,1.41954
559,0.000174583,0.00114789,1.41986
559.05,0.000174482,0.00114781,1.41994
559.1,0.000174382,0.00114773,1.42001
559.15,0.000174284,0.00114765,1.42009
559.2,0.000174187,0.00114756,1.42016
559.25,0.171015,-0.191068,-0.840724
559.3,0.167695,-0.186784,-0.839196
559.35,0.188532,-0.202359,-0.820756
559.4,0.180081,-0.18995,-0.812061
559.45,0.178976,-0.187148,-0.807714
559.5,0.172161,-0.17703,-0.799342
559.55,0.000145241,0.00112035,1.44188
559.6,0.000129423,0.00110695,1.45441
559.65,0.000114559,0.00109507,1.46656
559.7,0.000102101,0.00108555,1.47702
559.75,9.52842e-05,0.00108039,1.48283
559.8,9.37201e-05,0.00107925,1.48418
559.85,9.29001e-05,0.00107863,1.48488
559.9,9.23502e-05,0.00107822,1.48535
559.95,9.1877e-05,0.00107783,1.48576
560,9.10729e-05,0.00107713,1.48645
560.05,0.159704,-0.169727,-0.815815
560.1,0.165642,-0.172052,-0.80438
560.15,0.182196,-0.184962,-0.792931
560.2,0.209741,-0.201595,-0.765597
560.25,0.164093,-0.158203,-0.767125
560.3,6.32599e-05,0.00105005,1.51062
560.35,4.73066e-05,0.001036,1.52517
560.4,3.17926e-05,0.001023,1.53973
560.45,2.02468e-05,0.0010138,1.55083
560.5,1.29086e-05,0.00100801,1.55799
560.55,1.09278e-05,0.00100648,1.55994
560.6,1.01788e-05,0.00100589,1.56068
560.65,9.72293e-06,0.00100548,1.56113
560.7,8.98217e-06,0.00100485,1.56186
560.75,8.20178e-06,0.00100413,1.56263
560.8,7.57574e-06,0.00100353,1.56325
560.85,0.161894,-0.155993,-0.766836
560.9,0.177333,-0.163652,-0.745297
560.95,0.180223,-0.164824,-0.740798
561,0.193051,-0.169964,-0.721886
561.05,-6.79091e-06,0.000987578,1.57767
561.1,-1.82471e-05,0.000975723,1.5895
561.15,-3.08523e-05,0.000963302,1.60281
561.2,-3.94252e-05,0.000955029,1.61205
561.25,-4.42329e-05,0.000950403,1.6173
561.3,-4.62776e-05,0.000948329,1.61956
561.35,-4.71358e-05,0.00094746,1.62051
561.4,-4.80534e-05,0.000946459,1.62152
561.45,-4.87781e-05,0.000945678,1.62233
561.5,0.184137,-0.16298,-0.724522
561.55,0.2012,-0.173374,-0.711246
561.6,0.210773,-0.173323,-0.688203
561.65,0.196408,-0.160699,-0.685736
561.7,0.192894,-0.154104,-0.674074
561.75,-7.18896e-05,0.000917642,1.64898
561.8,-8.47852e-05,0.00090356,1.66436
561.85,-9.82415e-05,0.000889695,1.68077
561.9,-0.00010783,0.000880014,1.69272
561.95,-0.000111539,0.000876206,1.69741
562,-0.000112989,0.000874626,1.69927
562.05,-0.000113678,0.000873894,1.70015
562.1,-0.000114357,0.000873131,1.70103
562.15,-0.000115101,0.000872263,1.702
562.2,0.195947,-0.15901,-0.681709
562.25,0.196065,-0.159553,-0.683086
562.3,0.205494,-0.159614,-0.66039
562.35,0.20287,-0.152503,-0.644605
562.4,0.182695,-0.137956,-0.646767
562.45,-0.000138135,0.000842472,1.73331
562.5,-0.000150711,0.000827945,1.75085
562.55,-0.000164226,0.000813089,1.77009
562.6,-0.000175178,0.000801557,1.78596
562.65,-0.000180247,0.000796197,1.79343
562.7,-0.000181122,0.000795235,1.79474
562.75,-0.000181803,0.000794486,1.79575
562.8,-0.000182488,0.00079373,1.79678
562.85,-0.000183169,0.000792963,1.79781
562.9,0.180055,-0.141198,-0.66503
562.95,0.211854,-0.159818,-0.646296
563,0.220238,-0.157281,-0.620153
563.05,0.2195,-0.152356,-0.606759
563.1,0.209819,-0.141552,-0.593503
563.15,-0.000203541,0.000764474,1.83101
563.2,-0.000215247,0.000749579,1.85043
563.25,-0.000228217,0.000733807,1.87232
563.3,-0.00023978,0.000720483,1.89207
563.35,-0.000248911,0.000710189,1.9079
563.4,-0.000256037,0.000702112,1.92048
563.45,-0.000259611,0.000697884,1.92693
563.5,-0.000260625,0.000696644,1.92879
563.55,-0.000261657,0.000695291,1.93073
563.6,-0.000262392,0.000694271,1.93214
563.65,0.187876,-0.1312,-0.609605
563.7,0.197429,-0.134466,-0.597917
563.75,0.214117,-0.137133,-0.569637
563.8,0.210342,-0.13351,-0.565566
563.85,0.201661,-0.120656,-0.539177
563.9,-0.000282437,0.00066272,1.97367
563.95,-0.00029359,0.000647032,1.99676
564,-0.000305666,0.000630754,2.02205
564.05,-0.000315871,0.000617504,2.04362
564.1,-0.000321189,0.000610539,2.05509
564.15,-0.000322331,0.000608957,2.05762
564.2,-0.000322751,0.000608415,2.05853
564.25,-0.000323252,0.000607709,2.05965
564.3,0.205168,-0.131983,-0.571645
564.35,0.2139,-0.131113,-0.549899
564.4,0.209852,-0.12505,-0.537397
564.45,0.216678,-0.121703,-0.511764
564.5,0.21209,-0.119427,-0.512842
564.55,-0.000340679,0.000576649,2.10442
564.6,-0.000350798,0.000560578,2.12995
564.65,-0.000361907,0.000543815,2.15799
564.7,-0.000371707,0.000529499,2.18286
564.75,-0.000377219,0.00052115,2.19733
564.8,-0.000378357,0.000519239,2.20051
564.85,-0.000378696,0.000518765,2.20137
564.9,0.200497,-0.119629,-0.537962
564.95,0.171548,-0.145672,-0.704008
565,0.229557,-0.124967,-0.498522
565.05,0.186507,-0.131632,-0.614591
565.1,0.0943078,-0.183853,-1.09684
565.15,0.0134041,-0.234429,-1.51368
565.2,0.0112507,-0.239261,-1.52381
565.25,0.00014172,-0.241251,-1.57021
565.3,0.00876752,-0.238523,-1.53406
565.35,0.00757638,-0.241273,-1.53941
565.4,0.021279,-0.245752,-1.48442
565.45,0.0142977,-0.245134,-1.51254
565.5,0.0102484,-0.240958,-1.52829
565.55,0.0145871,-0.239635,-1.51
565.6,-0.00139004,-0.235817,-1.57669
565.65,0.00613883,-0.232353,-1.54438
565.7,-0.0171628,-0.228763,-1.64568
565.75,-0.00310981,-0.225766,-1.58457
565.8,-0.127244,-0.21106,-2.11333
565.85,-0.0583493,-0.230059,-1.81919
565.9,-0.117381,-0.214347,-2.07181
565.95,-0.120251,-0.215073,-2.08061
566,-0.111214,-0.211719,-2.05447
566.05,-0.10702,-0.211995,-2.03829
566.1,-0.0987163,-0.208183,-2.01358
566.15,-0.0976004,-0.214884,-1.99714
566.2,-0.0993003,-0.208384,-2.01549
566.25,-0.000771558,0.000307034,2.76286
566.3,-0.000791729,0.000311864,2.76635
566.35,-0.000811323,0.000317079,2.76903
566.4,-0.000831367,0.000322932,2.7711
566.45,-0.000852094,0.000329623,2.77248
566.5,-0.00087295,0.000336533,2.77364
566.55,-0.000889306,0.000341782,2.77467
566.6,-0.00089685,0.000343955,2.77538
566.65,-0.00089866,0.000344439,2.77558
566.7,-0.105004,-0.205743,-2.0427
566.75,-0.114665,-0.217897,-2.05521
566.8,-0.112242,-0.212018,-2.05769
566.85,-0.118521,-0.231757,-2.04352
566.9,-0.102207,-0.213097,-2.01801
566.95,-0.107083,-0.220151,-2.02351
567,-0.104378,-0.226485,-2.00265
567.05,-0.100886,-0.231853,-1.98122
567.1,-0.0939747,-0.218917,-1.97628
567.15,-0.000927572,0.00034908,2.78165
567.2,-0.0766756,-0.220763,-1.90508
567.25,-0.000964045,0.000357134,2.78681
567.3,-0.078066,-0.216967,-1.91618
567.35,-0.000985624,0.000363373,2.78838
567.4,-0.0791151,-0.213197,-1.92613
567.45,-0.000995439,0.00036705,2.78833
567.5,-0.00099844,0.000368055,2.78842
567.55,-0.00100077,0.000368446,2.78883
567.6,-0.00100206,0.000369034,2.78873
567.65,-0.00100294,0.000369498,2.78861
567.7,-0.00100353,0.000369866,2.78847
567.75,-0.00100392,0.000370158,2.78835
567.8,-0.00100419,0.000370388,2.78823
567.85,-0.00100428,0.00037048,2.78818
567.9,-0.00100435,0.000370573,2.78812
567.95,-0.00100442,0.000370673,2.78805
568,-0.00100447,0.000370777,2.78798
568.05,-0.00100452,0.000370887,2.7879
568.1,-0.00100456,0.000371,2.78781
568.15,-0.00100459,0.000371116,2.78772
568.2,-0.00100461,0.000371233,2.78762
568.25,-0.00100461,0.000371352,2.78752
568.3,-0.00100461,0.000371472,2.78742
568.35,-0.0010046,0.000371591,2.78731
568.4,-0.00100458,0.000371709,2.7872
568.45,-0.00100456,0.000371826,2.78709
568.5,-0.00100452,0.000371939,2.78698
568.55,-0.00100447,0.00037205,2.78687
568.6,-0.00100442,0.000372157,2.78676
568.65,-0.00100436,0.000372259,2.78665
568.7,-0.00100429,0.000372357,2.78654
568.75,-0.00100421,0.00037245,2.78643
568.8,-0.00100413,0.000372537,2.78633
568.85,-0.00100404,0.000372618,2.78623
568.9,-0.00100395,0.000372693,2.78613
568.95,-0.00100385,0.000372761,2.78604
569,-0.00100375,0.000372823,2.78595
569.05,-0.00100364,0.000372878,2.78587
569.1,-0.00100353,0.000372925,2.7858
569.15,-0.00100342,0.000372966,2.78572
569.2,-0.0010033,0.000373,2.78566
569.25,-0.00100319,0.000373027,2.78559
569.3,-0.00100306,0.000373048,2.78553
569.35,-0.00100294,0.000373063,2.78548
569.4,-0.00100281,0.00037307,2.78543
569.45,0.210371,-0.0836454,-0.378443
569.5,0.216328,-0.0883908,-0.387895
569.55,0.226583,-0.0897097,-0.376987
569.6,0.224743,-0.0925302,-0.390564
569.65,0.232593,-0.0976888,-0.397628
569.7,0.234346,-0.106972,-0.428221
569.75,0.245949,-0.118115,-0.447715
569.8,0.235918,-0.122605,-0.479278
569.85,0.245278,-0.127532,-0.479478
569.9,0.242266,-0.134051,-0.505389
569.95,0.233942,-0.134477,-0.521707
570,0.248731,-0.148443,-0.538064
570.05,0.250457,-0.151807,-0.544908
570.1,0.261037,-0.162567,-0.556996
570.15,0.274292,-0.170163,-0.555264
570.2,0.262521,-0.171056,-0.577492
570.25,0.248214,-0.172644,-0.607731
570.3,0.262738,-0.182914,-0.608161
570.35,0.262751,-0.188785,-0.62303
570.4,0.272091,-0.197579,-0.628062
570.45,0.26138,-0.196686,-0.645094
570.5,0.26632,-0.205752,-0.657795
570.55,0.262583,-0.209574,-0.673597
570.6,0.267641,-0.216293,-0.67969
570.65,0.26457,-0.219486,-0.692528
570.7,0.257085,-0.219946,-0.7077
570.75,0.270739,-0.234694,-0.714204
570.8,0.259327,-0.230836,-0.727337
570.85,0.248255,-0.231211,-0.749865
570.9,0.250598,-0.236637,-0.756752
570.95,0.249493,-0.238085,-0.762003
571,0.243449,-0.239848,-0.777949
571.05,0.240979,-0.240376,-0.784148
571.1,0.234123,-0.236428,-0.790297
571.15,0.234935,-0.245597,-0.807582
571.2,0.230394,-0.24343,-0.812903
571.25,0.219285,-0.237968,-0.826235
571.3,0.226477,-0.24737,-0.829462
571.35,0.249229,-0.266747,-0.819337
571.4,0.26057,-0.274394,-0.811234
571.45,-0.000230613,0.000592698,1.94186
571.5,-0.000213458,0.000609486,1.90767
571.55,-0.000196683,0.000626087,1.87518
571.6,-0.000181295,0.000640732,1.84654
571.65,-0.000167651,0.000652297,1.82237
571.7,-0.000157571,0.000659479,1.80533
571.75,0.285753,-0.286356,-0.786453
571.8,0.258456,-0.266985,-0.80163
571.85,0.225464,-0.250981,-0.838904
571.9,0.217819,-0.257438,-0.86857
571.95,0.211905,-0.263395,-0.893309
572,0.218236,-0.277126,-0.903725
572.05,0.226491,-0.295354,-0.916602
572.1,0.24743,-0.318159,-0.909807
572.15,0.249022,-0.313452,-0.899449
572.2,-2.406e-05,0.000741265,1.60324
572.25,2.15859e-08,0.000757955,1.57077
572.3,2.41462e-05,0.000774701,1.53964
572.35,4.7945e-05,0.0007909,1.51025
572.4,7.14348e-05,0.00080657,1.48246
572.45,9.46143e-05,0.000820982,1.45606
572.5,0.000110973,0.000830308,1.43793
572.55,0.000118245,0.000834174,1.42998
572.6,0.262538,-0.331036,-0.900289
572.65,0.21469,-0.284952,-0.925107
572.7,0.214198,-0.292936,-0.939429
572.75,0.200737,-0.290884,-0.966751
572.8,0.198524,-0.30812,-0.998433
572.85,0.195451,-0.318151,-1.0199
572.9,0.189579,-0.319401,-1.03514
572.95,0.182563,-0.323136,-1.05653
573,0.210606,-0.365554,-1.04811
573.05,0.207132,-0.355492,-1.04322
573.1,0.00038454,0.000928816,1.17827
573.15,0.000435135,0.000947635,1.14033
573.2,0.000484886,0.000965017,1.10518
573.25,0.000546056,0.00098413,1.06423
573.3,0.000617537,0.00100353,1.01915
573.35,0.000692392,0.00102183,0.975262
573.4,0.000764654,0.00103792,0.935851
573.45,0.208219,-0.349751,-1.03381
573.5,0.209241,-0.350226,-1.03226
573.55,0.198965,-0.341882,-1.04374
573.6,0.186896,-0.343821,-1.07289
573.65,0.185286,-0.359396,-1.09479
573.7,0.176885,-0.361945,-1.11622
573.75,0.174044,-0.380232,-1.14153
573.8,0.163244,-0.37991,-1.16496
573.85,0.154626,-0.370622,-1.17554
573.9,0.148277,-0.368265,-1.18802
573.95,0.179412,-0.433723,-1.17857
574,0.191221,-0.45722,-1.17468
574.05,0.00176521,0.00124432,0.614015
574.1,0.0019124,0.00127406,0.587685
574.15,0.00207008,0.00130537,0.562609
574.2,0.00224,0.00133833,0.538554
574.25,0.00237732,0.00136435,0.521008
574.3,0.00246407,0.00138041,0.510652
574.35,0.00252001,0.00139053,0.504222
574.4,0.18658,-0.415834,-1.14903
574.45,0.17436,-0.39774,-1.15765
574.5,0.178935,-0.408061,-1.15755
574.55,0.177389,-0.426816,-1.17691
574.6,0.149827,-0.3954,-1.20859
574.65,0.139599,-0.397869,-1.23335
574.7,0.129377,-0.398054,-1.25654
574.75,0.128241,-0.424267,-1.27726
574.8,0.122285,-0.426649,-1.29166
574.85,0.112884,-0.415866,-1.30574
574.9,0.123371,-0.464331,-1.3111
574.95,0.105924,-0.418692,-1.32301
575,0.137277,-0.527847,-1.31636
575.05,0.00767273,0.00232872,0.294671
575.1,0.00865391,0.00250825,0.282109
575.15,0.00959093,0.00267796,0.272283
575.2,0.0101167,0.00276903,0.267164
575.25,0.0103731,0.00281339,0.264848
575.3,0.0104732,0.00283172,0.264063
575.35,0.010545,0.00284472,0.263497
575.4,0.0106074,0.00285567,0.26298
575.45,0.0106681,0.0028663,0.26248
575.5,0.0107269,0.00287655,0.261997
575.55,0.0107834,0.00288635,0.261536
575.6,0.0108371,0.00289564,0.261097
575.65,0.0108879,0.00290437,0.260683
575.7,0.0109353,0.00291248,0.260295
575.75,0.0109792,0.00291993,0.259935
575.8,0.0110192,0.00292666,0.259604
575.85,0.0110551,0.00293265,0.259304
575.9,0.0110866,0.00293785,0.259036
575.95,0.0111137,0.00294223,0.258801
576,0.0111362,0.00294578,0.2586
576.05,0.0111539,0.00294847,0.258433
576.1,0.0111667,0.00295029,0.258301
576.15,0.0111746,0.00295123,0.258205
576.2,0.0111776,0.00295129,0.258144
576.25,0.0111758,0.00295049,0.258119
576.3,0.011169,0.00294884,0.258129
576.35,0.0111575,0.00294634,0.258175
576.4,0.0111414,0.00294304,0.258255
576.45,0.0111207,0.00293895,0.25837
576.5,0.0110957,0.00293411,0.258518
576.55,0.0110666,0.00292855,0.2587
576.6,0.0110335,0.00292232,0.258913
576.65,0.0109967,0.00291544,0.259158
576.7,0.0109564,0.00290798,0.259433
576.75,0.0109128,0.00289996,0.259736
576.8,0.0108662,0.00289144,0.260067
576.85,0.0108169,0.00288246,0.260425
576.9,0.0107652,0.00287308,0.260808
576.95,0.0107112,0.00286332,0.261214
577,0.0106552,0.00285325,0.261642
577.05,0.0105975,0.0028429,0.262091
577.1,0.0105383,0.00283232,0.262559
577.15,0.0104779,0.00282155,0.263046
577.2,0.0104165,0.00281062,0.263548
577.25,0.0103542,0.00279957,0.264066
577.3,0.0102914,0.00278845,0.264597
577.35,0.0102281,0.00277727,0.26514
577.4,0.0101646,0.00276608,0.265693
577.45,0.0101011,0.00275489,0.266256
577.5,0.0100376,0.00274373,0.266828
577.55,0.00978929,0.00270408,0.269508
577.6,0.00907173,0.00258399,0.277491
577.65,0.00802427,0.00240402,0.291084
577.7,0.00690598,0.00221095,0.309839
577.75,0.00592062,0.00204101,0.331971
577.8,0.00504134,0.00188939,0.358578
577.85,0.00429389,0.00176059,0.389116
577.9,0.00386778,0.00168778,0.41146
577.95,0.00353524,0.00163126,0.432318
578,0.00324042,0.00158083,0.453877
578.05,0.00297121,0.00153416,0.476634
578.1,0.00272541,0.00149078,0.50053
578.15,0.0025004,0.00145014,0.525555
578.2,0.00229391,0.00141177,0.551698
578.25,0.00210457,0.0013754,0.578852
578.3,0.00193112,0.00134079,0.606895
578.35,0.00177233,0.00130773,0.635686
578.4,0.00162721,0.00127604,0.665025
578.45,0.00149034,0.00124431,0.695675
578.5,0.00133916,0.00120624,0.733225
578.55,0.00118766,0.00116602,0.776201
578.6,0.156107,-0.188523,-0.879183
578.65,0.180836,-0.20651,-0.851582
578.7,0.191001,-0.209925,-0.832564
578.75,0.205774,-0.210842,-0.797563
578.8,0.199079,-0.201174,-0.790632
578.85,0.199795,-0.199812,-0.785439
578.9,0.183628,-0.182558,-0.782477
578.95,0.190737,-0.185648,-0.771879
579,0.162659,-0.160359,-0.778277
579.05,0.000310007,0.000878104,1.23141
579.1,0.000262151,0.000857486,1.2741
579.15,0.000220348,0.000838712,1.31388
579.2,0.000188648,0.000824283,1.34581
579.25,0.000165045,0.000813628,1.37066
579.3,0.174393,-0.171916,-0.778246
579.35,0.200599,-0.193849,-0.768288
579.4,0.219159,-0.199617,-0.738769
579.45,0.227579,-0.199332,-0.719328
579.5,0.225333,-0.192579,-0.707183
579.55,0.230983,-0.188398,-0.684202
579.6,0.201488,-0.167285,-0.692915
579.65,0.20441,-0.168486,-0.689355
579.7,0.193825,-0.158338,-0.684967
579.75,0.188148,-0.155139,-0.689538
579.8,0.18258,-0.15475,-0.703083
579.85,-5.15369e-05,0.000658136,1.64894
579.9,-6.90389e-05,0.000642079,1.67791
579.95,-8.72724e-05,0.000625721,1.70938
580,-0.000103551,0.000611307,1.7386
580.05,-0.000111888,0.00060415,1.75392
580.1,-0.000115155,0.000601801,1.75986
580.15,0.184219,-0.155267,-0.700323
580.2,0.211909,-0.171977,-0.681749
580.25,0.231078,-0.177111,-0.653949
580.3,0.244124,-0.177205,-0.627884
580.35,0.262054,-0.179187,-0.599755
580.4,0.23537,-0.161171,-0.600423
580.45,0.217841,-0.148349,-0.597857
580.5,0.199816,-0.136161,-0.598155
580.55,0.211607,-0.142306,-0.592033
580.6,0.187532,-0.131536,-0.61167
580.65,-0.000204278,0.000483772,1.97034
580.7,-0.00844109,-0.245719,-1.60514
580.75,0.000876755,-0.242202,-1.56718
580.8,0.00504615,-0.236397,-1.54945
580.85,-0.00105478,-0.236076,-1.57526
580.9,0.00451194,-0.239633,-1.55197
580.95,0.0157385,-0.240963,-1.50557
581,0.0171163,-0.243729,-1.50068
581.05,0.00151959,-0.243543,-1.56456
581.1,0.00564241,-0.242265,-1.54751
581.15,0.0128254,-0.24325,-1.51812
581.2,0.0107762,-0.240106,-1.52595
581.25,0.00618677,-0.238801,-1.54489
581.3,0.00336295,-0.237739,-1.55665
581.35,0.00782467,-0.234339,-1.53742
581.4,0.0178912,-0.235822,-1.49507
581.45,0.0235567,-0.22755,-1.46764
581.5,0.00310301,-0.229481,-1.55728
581.55,-0.000475781,0.000294077,2.58798
581.6,-0.000495064,0.000289922,2.61181
581.65,-0.000515065,0.000286539,2.63391
581.7,-0.000536393,0.000283182,2.65584
581.75,-0.070996,-0.217256,-1.88664
581.8,-0.000574878,0.000277305,2.69215
581.85,-0.0726622,-0.214937,-1.8968
581.9,-0.0740847,-0.210371,-1.9094
581.95,-0.059965,-0.215689,-1.84196
582,-0.0490581,-0.2229,-1.78743
582.05,-0.0663002,-0.220888,-1.86239
582.1,-0.10645,-0.214677,-2.03113
582.15,-0.12639,-0.212747,-2.10686
582.2,-0.122533,-0.215166,-2.08847
582.25,-0.131007,-0.242175,-2.06667
582.3,-0.114689,-0.211469,-2.06774
582.35,-0.113229,-0.216462,-2.05274
582.4,-0.105843,-0.213074,-2.03184
582.45,-0.0993862,-0.211383,-2.0103
582.5,-0.101997,-0.209848,-2.02322
582.55,-0.000774663,0.000274614,2.80092
582.6,-0.000793037,0.000280231,2.80192
582.65,-0.000811162,0.000286283,2.80231
582.7,-0.000829599,0.000292752,2.80235
582.75,-0.000844932,0.000298005,2.80252
582.8,-0.000852763,0.000301022,2.80225
582.85,-0.000857034,0.000303099,2.80166
582.9,-0.000860086,0.000304833,2.80098
582.95,-0.000862123,0.000306181,2.80034
583,-0.000862775,0.000306674,2.80007
583.05,-0.00086285,0.000306743,2.80003
583.1,-0.00086292,0.000306818,2.79998
583.15,-0.000862983,0.000306898,2.79992
583.2,-0.00086304,0.000306982,2.79985
583.25,-0.00086309,0.000307071,2.79978
583.3,-0.000863134,0.000307164,2.7997
583.35,-0.00086317,0.000307259,2.79961
583.4,-0.000863198,0.000307357,2.79952
583.45,-0.000863219,0.000307457,2.79943
583.5,-0.000863233,0.000307558,2.79933
583.55,-0.000863239,0.00030766,2.79923
583.6,-0.000863238,0.000307763,2.79912
583.65,-0.00086323,0.000307865,2.79901
583.7,-0.000863214,0.000307966,2.7989
583.75,-0.000863191,0.000308066,2.79879
583.8,-0.000863161,0.000308163,2.79868
583.85,-0.000863125,0.000308259,2.79857
583.9,-0.000863083,0.000308352,2.79846
583.95,-0.000863034,0.000308442,2.79835
584,-0.000862979,0.000308529,2.79824
584.05,-0.000862919,0.000308612,2.79813
584.1,-0.000862854,0.000308691,2.79803
584.15,-0.000862784,0.000308765,2.79792
584.2,-0.000862709,0.000308835,2.79782
584.25,-0.00086263,0.0003089,2.79773
584.3,-0.000862547,0.00030896,2.79764
584.35,-0.000862461,0.000309016,2.79755
584.4,0.216121,-0.102863,-0.444224
584.45,0.219081,-0.101269,-0.432989
584.5,0.224207,-0.107316,-0.44642
584.55,0.229018,-0.1177,-0.474733
584.6,0.230229,-0.127412,-0.505462
584.65,0.225285,-0.131911,-0.529712
584.7,0.222233,-0.135348,-0.547037
584.75,0.233839,-0.146992,-0.561188
584.8,0.225229,-0.148718,-0.58358
584.85,0.232432,-0.156131,-0.591498
584.9,0.22447,-0.157087,-0.610601
584.95,0.226614,-0.160361,-0.615836
585,0.223223,-0.162603,-0.629557
585.05,0.225151,-0.168627,-0.642828
585.1,0.227717,-0.172127,-0.647254
585.15,0.218849,-0.169809,-0.659883
585.2,0.220662,-0.176391,-0.674357
585.25,0.205411,-0.169593,-0.690173
585.3,0.205986,-0.171842,-0.695274
585.35,0.207935,-0.17888,-0.710426
585.4,0.218044,-0.187181,-0.709382
585.45,0.200198,-0.179861,-0.73194
585.5,0.202527,-0.184099,-0.737773
585.55,0.194925,-0.178924,-0.742624
585.6,0.204716,-0.190622,-0.749762
585.65,0.198433,-0.190129,-0.76403
585.7,0.200029,-0.193925,-0.769905
585.75,0.20743,-0.199938,-0.767011
585.8,0.191233,-0.179877,-0.754806
585.85,-0.000390178,0.000633469,2.12285
585.9,-0.000375931,0.000650642,2.09472
585.95,-0.000362818,0.000667076,2.06894
586,-0.000351781,0.000681021,2.0476
586.05,-0.000346028,0.000687763,2.03694
586.1,0.214446,-0.192279,-0.73095
586.15,0.208292,-0.193466,-0.748514
586.2,0.187226,-0.185399,-0.780495
586.25,0.194433,-0.197857,-0.794126
586.3,0.204093,-0.217092,-0.816252
586.35,0.194702,-0.215907,-0.836993
586.4,0.184562,-0.213153,-0.857162
586.45,0.176871,-0.205322,-0.859703
586.5,0.205536,-0.238952,-0.860435
586.55,-0.000260052,0.000760911,1.90012
586.6,-0.000245291,0.00077563,1.87709
586.65,-0.000230593,0.000790713,1.85455
586.7,-0.000216204,0.000805628,1.83299
586.75,-0.000205397,0.000816726,1.81718
586.8,-0.000198552,0.000823234,1.80746
586.85,0.21449,-0.235075,-0.831155
586.9,0.187954,-0.213485,-0.848911
586.95,0.188089,-0.221185,-0.86609
587,0.182282,-0.226178,-0.892456
587.05,0.187772,-0.241475,-0.909861
587.1,0.180745,-0.246838,-0.938757
587.15,0.168153,-0.240368,-0.960363
587.2,0.182015,-0.261883,-0.963419
587.25,0.188638,-0.271243,-0.963125
587.3,-9.43395e-05,0.000894347,1.67589
587.35,-7.53121e-05,0.000909458,1.65342
587.4,-5.80204e-05,0.000923404,1.63355
587.45,-4.26273e-05,0.000935739,1.61632
587.5,-2.97017e-05,0.000945804,1.60219
587.55,-1.88656e-05,0.000953524,1.59058
587.6,0.185932,-0.251016,-0.933263
587.65,0.176683,-0.250078,-0.955715
587.7,0.181954,-0.258428,-0.957337
587.75,0.167344,-0.2563,-0.992368
587.8,0.163037,-0.261413,-1.01315
587.85,0.157662,-0.271966,-1.04543
587.9,0.156173,-0.279567,-1.06136
587.95,0.15487,-0.284818,-1.07276
588,0.178286,-0.321168,-1.06403
588.05,0.000102942,0.00101369,1.46959
588.1,0.00012728,0.0010268,1.44747
588.15,0.000149509,0.00103849,1.42781
588.2,0.00016941,0.0010488,1.41065
588.25,0.000188372,0.00105865,1.3947
588.3,0.000206846,0.00106807,1.3795
588.35,0.000220954,0.00107479,1.36804
588.4,0.170156,-0.301408,-1.05686
588.45,0.157244,-0.283041,-1.0637
588.5,0.155269,-0.288304,-1.07678
588.55,0.157344,-0.308206,-1.09877
588.6,0.149741,-0.310761,-1.12177
588.65,0.143144,-0.316672,-1.14626
588.7,0.12552,-0.29812,-1.17229
588.75,0.125054,-0.308385,-1.18555
588.8,0.135199,-0.336149,-1.18839
588.85,0.144969,-0.354465,-1.18257
588.9,0.0004402,0.00112714,1.19847
588.95,0.000475601,0.00113666,1.17451
589,0.000510837,0.00114596,1.15146
589.05,0.000550412,0.00115432,1.12586
589.1,0.000598255,0.00116239,1.09548
589.15,0.000654497,0.00117025,1.06085
589.2,0.000716555,0.0011779,1.02427
589.25,0.000767215,0.00118327,0.995558
589.3,0.144949,-0.364222,-1.19204
589.35,0.132313,-0.333809,-1.19342
589.4,0.137764,-0.350063,-1.19587
589.45,0.129009,-0.345625,-1.21355
589.5,0.118845,-0.347667,-1.24141
589.55,0.124149,-0.383717,-1.25788
589.6,0.114111,-0.380973,-1.27977
589.65,0.105039,-0.383213,-1.30327
589.7,0.0867455,-0.349516,-1.32752
589.75,0.0856643,-0.351869,-1.33199
589.8,0.0830302,-0.366614,-1.34807
589.85,0.100926,-0.429015,-1.33975
589.9,0.00172268,0.00122466,0.618004
589.95,0.00187324,0.00123003,0.581022
590,0.00202428,0.00123457,0.547654
590.05,0.00222325,0.00123923,0.508505
590.1,0.0024661,0.00124384,0.467141
590.15,0.00276896,0.00124886,0.423704
590.2,0.00310047,0.00125395,0.384328
590.25,0.100258,-0.403337,-1.32716
590.3,0.0938347,-0.401201,-1.34104
590.35,0.0917935,-0.389248,-1.33921
590.4,0.0800988,-0.38656,-1.36648
590.45,0.0676844,-0.384871,-1.39671
590.5,0.0708297,-0.463308,-1.41909
590.55,0.0522417,-0.417647,-1.44636
590.6,0.0483123,-0.441013,-1.46168
590.65,0.0411358,-0.433085,-1.4761
590.7,0.0395791,-0.450871,-1.48324
590.75,0.0457907,-0.507601,-1.48083
590.8,0.00883728,0.00132138,0.148424
590.85,0.0102885,0.00134472,0.129964
590.9,0.0119375,0.00137165,0.114401
590.95,0.0132836,0.00138765,0.104086
591,0.0142443,0.00139173,0.0973953
591.05,0.0149946,0.00139162,0.0925431
591.1,0.0154559,0.00138927,0.0896454
591.15,0.0158737,0.00138635,0.0871151
591.2,0.0161118,0.00138516,0.0857611
591.25,0.0162576,0.00138538,0.0850086
591.3,0.0164021,0.00138553,0.0842731
591.35,0.0165433,0.00138562,0.0835624
591.4,0.0166805,0.00138563,0.0828787
591.45,0.016813,0.00138557,0.0822247
591.5,0.01694,0.00138543,0.081603
591.55,0.0170607,0.00138522,0.0810158
591.6,0.0171742,0.00138492,0.0804652
591.65,0.01728,0.00138454,0.0799534
591.7,0.0173772,0.00138409,0.079482
591.75,0.0174652,0.00138356,0.0790527
591.8,0.0175435,0.00138295,0.0786671
591.85,0.0176115,0.00138227,0.0783262
591.9,0.0176689,0.00138153,0.0780314
591.95,0.0177151,0.00138072,0.0777833
592,0.0177499,0.00137986,0.0775826
592.05,0.0177732,0.00137894,0.07743
592.1,0.0177849,0.00137798,0.0773257
592.15,0.0177848,0.00137697,0.0772698
592.2,0.0177731,0.00137593,0.0772625
592.25,0.0177499,0.00137486,0.0773031
592.3,0.0177156,0.00137378,0.0773912
592.35,0.0176704,0.00137267,0.0775262
592.4,0.0176148,0.00137156,0.0777074
592.45,0.0175491,0.00137045,0.0779339
592.5,0.017474,0.00136934,0.0782046
592.55,0.0173898,0.00136824,0.0785185
592.6,0.0172974,0.00136715,0.078874
592.65,0.0171971,0.00136608,0.0792699
592.7,0.0170898,0.00136503,0.0797045
592.75,0.0169761,0.00136401,0.0801764
592.8,0.0168566,0.00136301,0.0806838
592.85,0.0167319,0.00136205,0.0812251
592.9,0.0166028,0.00136112,0.0817983
592.95,0.0164699,0.00136023,0.0824016
593,0.0163337,0.00135937,0.0830333
593.05,0.016195,0.00135855,0.0836914
593.1,0.0160541,0.00135777,0.084374
593.15,0.0159117,0.00135703,0.0850793
593.2,0.0157682,0.00135633,0.0858055
593.25,0.0156241,0.00135566,0.0865505
593.3,0.0154799,0.00135504,0.0873128
593.35,0.0153358,0.00135445,0.0880904
593.4,0.0151924,0.00135389,0.0888817
593.45,0.0150499,0.00135338,0.0896849
593.5,0.0149085,0.00135289,0.0904984
593.55,0.0143057,0.00135212,0.0942362
593.6,0.0127383,0.00135118,0.105677
593.65,0.0111319,0.00135105,0.120777
593.7,0.00957511,0.0013518,0.140251
593.75,0.00824297,0.00135272,0.162656
593.8,0.00710008,0.00135342,0.188361
593.85,0.00609992,0.00135381,0.2184
593.9,0.00521398,0.00135445,0.254155
593.95,0.00466667,0.00135599,0.282783
594,0.00431798,0.00135689,0.304471
594.05,0.00398994,0.00135731,0.327903
594.1,0.00368825,0.00135708,0.352572
594.15,0.00339857,0.00135603,0.379645
594.2,0.00316042,0.00135431,0.404851
594.25,0.00294575,0.0013518,0.430229
594.3,0.00274734,0.00134845,0.456276
594.35,0.0025643,0.0013442,0.482817
594.4,0.00239444,0.00133896,0.509874
594.45,0.00222954,0.00133227,0.538619
594.5,0.00205156,0.00132275,0.572679
594.55,0.00186385,0.00131061,0.612854
594.6,0.124576,-0.208889,-1.03305
594.65,0.140006,-0.224577,-1.01333
594.7,0.174097,-0.26217,-0.984599
594.75,0.17404,-0.24701,-0.956998
594.8,0.160679,-0.224281,-0.949135
594.85,0.150401,-0.209801,-0.948835
594.9,0.000890848,0.00121621,0.938602
594.95,0.000804405,0.00120364,0.981658
595,0.000728619,0.00119168,1.02202
595.05,0.000672412,0.00118282,1.05387
595.1,0.144998,-0.20805,-0.962129
595.15,0.174427,-0.242452,-0.947152
595.2,0.182634,-0.242081,-0.924464
595.25,0.203873,-0.25719,-0.900527
595.3,0.194712,-0.237406,-0.88388
595.35,0.187362,-0.223265,-0.872612
595.4,0.176666,-0.209566,-0.870375
595.45,0.169163,-0.202721,-0.875391
595.5,0.000398126,0.00110578,1.22521
595.55,0.000370488,0.00109302,1.24399
595.6,0.000343932,0.00108042,1.26261
595.65,0.000324534,0.00107092,1.27655
595.7,0.000313493,0.00106549,1.28465
595.75,0.148448,-0.183873,-0.891595
595.8,0.175603,-0.210889,-0.876442
595.85,0.196856,-0.226534,-0.85538
595.9,0.201348,-0.225325,-0.841537
595.95,0.201445,-0.213443,-0.814308
596,0.192316,-0.198768,-0.801894
596.05,0.180222,-0.189117,-0.809477
596.1,0.16083,-0.169163,-0.810645
596.15,0.000187385,0.000989296,1.3836
596.2,0.000166966,0.000974988,1.40119
596.25,0.000148186,0.00096166,1.41791
596.3,0.000133372,0.000950981,1.43146
596.35,0.000122873,0.000943333,1.44127
596.4,0.000116349,0.000938525,1.44746
596.45,0.000114429,0.000937318,1.44932
596.5,0.171816,-0.184033,-0.819715
596.55,0.188081,-0.193962,-0.800793
596.6,0.216886,-0.211904,-0.773779
596.65,0.219661,-0.208874,-0.760231
596.7,0.218196,-0.197517,-0.735696
596.75,0.210856,-0.188389,-0.729183
596.8,0.213628,-0.188404,-0.722737
596.85,0.176335,-0.162001,-0.743056
596.9,0.165067,-0.152693,-0.746475
596.95,1.82132e-05,0.000842985,1.54919
597,1.26764e-06,0.000827675,1.56926
597.05,-1.57753e-05,0.000812647,1.59021
597.1,-3.00555e-05,0.000800277,1.60834
597.15,-4.06399e-05,0.000791019,1.62213
597.2,-4.78871e-05,0.00078455,1.63176
597.25,-5.11753e-05,0.0007816,1.63618
597.3,-5.14715e-05,0.00078151,1.63656
597.35,0.185573,-0.169423,-0.739936
597.4,0.192835,-0.171363,-0.726509
597.45,0.203618,-0.175462,-0.711258
597.5,0.214365,-0.175364,-0.685659
597.55,0.217102,-0.169747,-0.663594
597.6,0.201878,-0.156621,-0.659821
597.65,0.188338,-0.146062,-0.659643
597.7,-0.000100218,0.000721647,1.70879
597.75,-0.000114204,0.000706079,1.73115
597.8,-0.000128589,0.000690517,1.75491
597.85,-0.000142101,0.000676349,1.77788
597.9,-0.000153011,0.000664917,1.79698
597.95,-0.000159642,0.000657816,1.80888
598,-0.000161417,0.000655852,1.81212
598.05,-0.000161483,0.000655794,1.81223
598.1,0.190312,-0.149967,-0.667385
598.15,0.202497,-0.156214,-0.657081
598.2,0.213462,-0.15892,-0.639964
598.25,0.223482,-0.160256,-0.622103
598.3,0.215239,-0.148274,-0.603226
598.35,0.217104,-0.143828,-0.585102
598.4,0.197953,-0.132532,-0.589968
598.45,-0.000205817,0.000592361,1.9052
598.5,-0.000218754,0.000576066,1.93371
598.55,-0.000232077,0.000559821,1.96379
598.6,-0.000245546,0.000543939,1.99483
598.65,-0.000257304,0.000530187,2.02262
598.7,-0.000267244,0.000518351,2.04682
598.75,-0.000275714,0.000507948,2.06809
598.8,-0.0002827,0.000498993,2.08625
598.85,-0.0142842,-0.23846,-1.63063
598.9,-0.00726801,-0.230877,-1.60227
598.95,-0.0108725,-0.227796,-1.61849
599,0.032164,-0.211405,-1.41981
599.05,-0.000558094,-0.243931,-1.57308
599.1,-0.000302551,0.000470066,2.14268
599.15,0.000149367,-0.238166,-1.57017
599.2,0.00655175,-0.234309,-1.54284
599.25,0.0058243,-0.238628,-1.54639
599.3,0.019154,-0.230694,-1.48796
599.35,0.00551975,-0.234766,-1.54729
599.4,0.0127689,-0.246499,-1.51904
599.45,0.0033137,-0.236252,-1.55677
599.5,0.0149801,-0.232396,-1.50643
599.55,-0.00560126,-0.231799,-1.59496
599.6,-0.0038646,-0.237818,-1.58705
599.65,-0.000439521,0.000355129,2.462
599.7,-0.000457184,0.000347335,2.49189
599.75,-0.000474997,0.000340451,2.51972
599.8,-0.000492643,0.000334191,2.54554
599.85,-0.0122753,-0.232751,-1.62349
599.9,-0.0119703,-0.226859,-1.62351
599.95,-0.0157829,-0.231744,-1.6388
600,-0.0238253,-0.22626,-1.67571
600.05,-0.0274373,-0.222744,-1.69336
600.1,0.00348312,-0.242159,-1.55641
600.15,-0.0279253,-0.223246,-1.69524
600.2,-0.0610514,-0.216305,-1.84589
600.25,-0.12431,-0.212812,-2.09947
600.3,-0.120617,-0.211409,-2.08927
600.35,-0.115747,-0.209883,-2.07478
600.4,-0.114267,-0.203731,-2.08195
600.45,-0.113431,-0.22027,-2.04634
600.5,-0.000672253,0.000293542,2.72989
600.55,-0.00069096,0.000295257,2.73776
600.6,-0.000709496,0.000297436,2.74463
600.65,-0.000728282,0.000299944,2.75091
600.7,-0.000748346,0.000303897,2.75585
600.75,-0.000769267,0.000308806,2.75986
600.8,-0.000790581,0.000314153,2.76336
600.85,-0.109586,-0.206558,-2.05857
600.9,-0.000829004,0.000322178,2.77092
600.95,-0.112098,-0.206589,-2.06795
601,-0.108603,-0.209749,-2.04856
601.05,-0.111257,-0.220952,-2.03727
601.1,-0.109677,-0.218009,-2.03691
601.15,-0.105927,-0.228227,-2.00534
601.2,-0.101941,-0.224387,-1.99723
601.25,-0.0943383,-0.214279,-1.98552
601.3,-0.0927685,-0.227823,-1.95749
601.35,-0.000903438,0.000332051,2.78938
601.4,-0.000921935,0.000336932,2.79121
601.45,-0.000940368,0.000342283,2.79251
601.5,-0.000959215,0.000348155,2.79342
601.55,-0.000979242,0.000355373,2.79347
601.6,-0.000997788,0.000361305,2.79417
601.65,-0.00100934,0.000363497,2.79592
601.7,-0.00101557,0.000364846,2.7967
601.75,-0.0010188,0.000366306,2.79644
601.8,-0.00102098,0.000367462,2.79612
601.85,-0.00102229,0.000368279,2.79582
601.9,-0.00102244,0.000368388,2.79577
601.95,-0.00102253,0.000368468,2.79573
602,-0.00102261,0.000368554,2.79568
602.05,-0.00102269,0.000368647,2.79562
602.1,-0.00102276,0.000368746,2.79556
602.15,-0.00102282,0.00036885,2.79549
602.2,-0.00102287,0.000368959,2.79541
602.25,-0.00102292,0.000369071,2.79533
602.3,-0.00102295,0.000369187,2.79524
602.35,-0.00102298,0.000369305,2.79515
602.4,-0.001023,0.000369424,2.79505
602.45,-0.00102301,0.000369545,2.79495
602.5,-0.00102301,0.000369666,2.79484
602.55,-0.001023,0.000369787,2.79473
602.6,-0.00102299,0.000369908,2.79463
602.65,-0.00102296,0.000370027,2.79451
602.7,-0.00102293,0.000370144,2.7944
602.75,-0.00102289,0.000370259,2.79429
602.8,-0.00102284,0.00037037,2.79418
602.85,-0.00102278,0.000370479,2.79407
602.9,-0.00102272,0.000370583,2.79396
602.95,-0.00102265,0.000370683,2.79385
603,-0.00102258,0.000370778,2.79374
603.05,-0.0010225,0.000370868,2.79364
603.1,-0.00102241,0.000370954,2.79354
603.15,-0.00102232,0.000371033,2.79344
603.2,-0.00102222,0.000371107,2.79335
603.25,-0.00102212,0.000371176,2.79326
603.3,-0.00102201,0.000371238,2.79317
603.35,-0.0010219,0.000371294,2.79309
603.4,-0.00102179,0.000371343,2.79301
603.45,-0.00102168,0.000371387,2.79294
603.5,-0.00102156,0.000371423,2.79287
603.55,-0.00102144,0.000371454,2.7928
603.6,-0.00102133,0.000371478,2.79275
603.65,-0.00102121,0.000371496,2.79269
603.7,-0.00102108,0.000371508,2.79265
603.75,-0.00102096,0.000371513,2.7926
603.8,0.208429,-0.0823816,-0.376406
603.85,-0.00101637,0.000371061,2.79154
603.9,-0.00100477,0.000369924,2.78882
603.95,0.214561,-0.0899754,-0.397072
604,0.225719,-0.0936214,-0.393174
604.05,0.235635,-0.0942839,-0.380616
604.1,0.229944,-0.102216,-0.418292
604.15,0.232462,-0.109861,-0.441486
604.2,0.226101,-0.113972,-0.466902
604.25,0.241839,-0.127417,-0.484908
604.3,0.238598,-0.130431,-0.500272
604.35,0.24638,-0.141193,-0.520384
604.4,0.248846,-0.142508,-0.520085
604.45,0.252251,-0.151096,-0.539678
604.5,0.248651,-0.155794,-0.559719
604.55,0.252982,-0.161567,-0.568355
604.6,0.255345,-0.169467,-0.585931
604.65,0.255213,-0.173365,-0.596696
604.7,0.255205,-0.177545,-0.607832
604.75,0.264582,-0.188173,-0.61821
604.8,0.265373,-0.193764,-0.630681
604.85,0.251427,-0.193393,-0.655663
604.9,0.270231,-0.205938,-0.651187
604.95,0.260071,-0.205888,-0.669635
605,0.253928,-0.208419,-0.687284
605.05,0.259696,-0.214346,-0.690022
605.1,0.249015,-0.215572,-0.713538
605.15,0.264688,-0.224407,-0.703226
605.2,0.24828,-0.221941,-0.729442
605.25,0.240789,-0.220432,-0.741289
605.3,0.246323,-0.226505,-0.74351
605.35,0.233945,-0.223655,-0.762914
605.4,0.232942,-0.223697,-0.765154
605.45,0.232823,-0.229,-0.77712
605.5,0.2137,-0.218224,-0.795871
605.55,0.221903,-0.228217,-0.799426
605.6,0.223239,-0.231982,-0.8046
605.65,0.242419,-0.246686,-0.794123
605.7,0.239589,-0.237298,-0.780594
605.75,-0.000288067,0.000583074,2.02967
605.8,-0.000271744,0.000600451,1.99578
605.85,-0.000256894,0.000616877,1.9654
605.9,-0.000245151,0.000629983,1.9419
605.95,-0.000237436,0.000638102,1.92702
606,-0.000234095,0.000641242,1.92083
606.05,0.26883,-0.249144,-0.747409
606.1,0.240338,-0.233599,-0.77118
606.15,0.218178,-0.227177,-0.805601
606.2,0.217839,-0.238328,-0.830284
606.25,0.217703,-0.25246,-0.85919
606.3,0.210545,-0.249859,-0.870582
606.35,0.23352,-0.276419,-0.869326
606.4,-0.000136291,0.000698355,1.76353
606.45,-0.000108606,0.00071698,1.72113
606.5,-8.32208e-05,0.000734537,1.68361
606.55,-5.90563e-05,0.000751633,1.64921
606.6,-3.89938e-05,0.000765492,1.62169
606.65,-2.64182e-05,0.000773473,1.60494
606.7,-2.06906e-05,0.000776802,1.59743
606.75,0.244022,-0.276529,-0.847763
606.8,0.21728,-0.256639,-0.868257
606.85,0.222241,-0.266893,-0.876434
606.9,0.206503,-0.268084,-0.914433
606.95,0.193574,-0.268136,-0.945507
607,0.203749,-0.29098,-0.959927
607.05,0.195999,-0.289435,-0.975551
607.1,0.211299,-0.314018,-0.978499
607.15,0.215815,-0.309972,-0.962598
607.2,0.0002749,0.000876579,1.2669
607.25,0.00033107,0.000896156,1.21692
607.3,0.00038076,0.000914433,1.17624
607.35,0.000432507,0.000932795,1.13663
607.4,0.000480258,0.000949129,1.10236
607.45,0.000519085,0.000961543,1.07578
607.5,0.00054649,0.000969581,1.05755
607.55,0.236234,-0.322883,-0.93915
607.6,0.198049,-0.286891,-0.966592
607.65,0.207069,-0.305876,-0.975694
607.7,0.201815,-0.316754,-1.00352
607.75,0.188495,-0.313952,-1.03009
607.8,0.181616,-0.319491,-1.05389
607.85,0.16897,-0.315416,-1.07899
607.9,0.160029,-0.31455,-1.10017
607.95,0.188011,-0.369416,-1.10002
608,0.198551,-0.376841,-1.08587
608.05,0.00139495,0.00112734,0.679694
608.1,0.00154523,0.00115431,0.64159
608.15,0.00170379,0.00118173,0.606408
608.2,0.00190076,0.00121365,0.568253
608.25,0.00210057,0.00124358,0.53453
608.3,0.00232892,0.00127662,0.50143
608.35,0.0025949,0.00131431,0.468833
608.4,0.00278963,0.00134123,0.448162
608.45,0.00287094,0.00135233,0.440214
608.5,0.00289661,0.00135584,0.437787
608.55,0.00291701,0.00135864,0.435886
608.6,0.00293714,0.00136137,0.434025
608.65,0.0029409,0.00136192,0.43369
608.7,0.00297146,0.00136597,0.430889
608.75,0.00306679,0.00137862,0.422466
608.8,0.00323903,0.00140175,0.408433
608.85,0.00347777,0.00143445,0.391203
608.9,0.00375084,0.00147254,0.374102
608.95,0.00403349,0.00151233,0.358721
609,0.00425512,0.00154374,0.348028
609.05,0.0044785,0.00157593,0.338355
609.1,0.00472437,0.00161109,0.328649
609.15,0.00494075,0.00164146,0.320756
609.2,0.00509844,0.00166323,0.315338
609.25,0.00518514,0.00167496,0.312449
609.3,0.00521135,0.00167826,0.311552
609.35,0.00522673,0.00168059,0.311098
609.4,0.00525171,0.00168325,0.31017
609.45,0.00538862,0.00169942,0.305499
609.5,0.00566532,0.00173345,0.296931
609.55,0.00602817,0.00177893,0.286959
609.6,0.0064866,0.00183797,0.276111
609.65,0.00698179,0.00190329,0.266141
609.7,0.00750957,0.00197466,0.257131
609.75,0.00807812,0.00205345,0.248927
609.8,0.00871601,0.00214319,0.241108
609.85,0.00943439,0.00224581,0.233696
609.9,0.0102238,0.00235939,0.226804
609.95,0.0110897,0.00248286,0.220257
610,0.0117997,0.0025836,0.215553
610.05,0.0122052,0.00263989,0.213011
610.1,0.0124955,0.00267818,0.211137
610.15,0.0127069,0.00270394,0.209666
610.2,0.012815,0.00271596,0.208845
610.25,0.0129304,0.00272812,0.207935
610.3,0.0130524,0.00274055,0.206959
610.35,0.0131772,0.00275297,0.205956
610.4,0.0133079,0.00276558,0.204898
610.45,0.0134501,0.00277876,0.203732
610.5,0.0136071,0.00279318,0.202462
610.55,0.0138748,0.00281979,0.2005
610.6,0.0140495,0.00282666,0.198543
610.65,0.0138705,0.00277877,0.197719
610.7,0.0137312,0.00273456,0.196578
610.75,0.0136827,0.00270636,0.195274
610.8,0.0136613,0.00268716,0.194219
610.85,0.0136407,0.00267401,0.193577
610.9,0.0134473,0.00264599,0.194285
610.95,0.0129824,0.00258872,0.19682
611,0.0123528,0.00251348,0.200735
611.05,0.0116323,0.00242867,0.20583
611.1,0.0108723,0.00234035,0.212022
611.15,0.0101505,0.0022571,0.218804
611.2,0.00959035,0.00219208,0.224711
611.25,0.00917273,0.0021435,0.229563
611.3,0.00889113,0.00211116,0.233128
611.35,0.0087654,0.00209803,0.234934
611.4,0.00876131,0.00210183,0.23545
611.45,0.00872366,0.00210505,0.236777
611.5,0.00868019,0.00210857,0.238302
611.55,0.00831759,0.00207214,0.244157
611.6,0.00785896,0.00202191,0.251814
611.65,0.00733277,0.00196152,0.261381
611.7,0.00678624,0.0018968,0.272552
611.75,0.00628107,0.00183529,0.28428
611.8,0.00587223,0.00178387,0.294921
611.85,0.00555409,0.00174271,0.304043
611.9,0.00531842,0.0017115,0.31134
611.95,0.00521254,0.00169751,0.314828
612,0.00519579,0.00169658,0.315614
612.05,0.00520526,0.00170138,0.315912
612.1,0.0051829,0.00170326,0.317512
612.15,0.00516306,0.00170686,0.31928
612.2,0.00543757,0.0017549,0.312183
612.25,0.0059052,0.00183481,0.301255
612.3,0.00642306,0.00192638,0.29138
612.35,0.00698231,0.0020289,0.28279
612.4,0.00757507,0.00214186,0.275558
612.45,0.00820072,0.00226602,0.269593
612.5,0.00884723,0.00240006,0.264903
612.55,0.00937488,0.00251389,0.261989
612.6,0.00960861,0.00256952,0.261304
612.65,0.00969537,0.00259431,0.261457
612.7,0.00968766,0.00259782,0.261994
612.75,0.00966403,0.0025977,0.262594
612.8,0.00963875,0.0025975,0.263232
612.85,0.00961346,0.00259736,0.263879
612.9,0.00958779,0.00259721,0.264538
612.95,0.00956277,0.00259714,0.265192
613,0.00953561,0.00259682,0.265881
613.05,0.0095085,0.00259647,0.266569
613.1,0.00947964,0.00259586,0.267283
613.15,0.00945139,0.00259525,0.267985
613.2,0.00942188,0.00259441,0.268701
613.25,0.00939139,0.00259333,0.269425
613.3,0.00935989,0.00259201,0.270158
613.35,0.00932785,0.00259047,0.270887
613.4,0.00929297,0.00258835,0.271643
613.45,0.00925661,0.00258586,0.272408
613.5,0.00922145,0.00258346,0.273155
613.55,0.00918491,0.00258073,0.273913
613.6,0.0091486,0.00257785,0.274654
613.65,0.00911106,0.00257462,0.275402
613.7,0.00907312,0.00257117,0.276143
613.75,0.00903304,0.00256724,0.276905
613.8,0.00899211,0.00256302,0.277667
613.85,0.00895005,0.00255845,0.278434
613.9,0.0089079,0.0025537,0.279191
613.95,0.00886426,0.00254856,0.279958
614,0.00881982,0.00254312,0.280727
614.05,0.00877472,0.00253742,0.281495
614.1,0.00872946,0.00253152,0.282255
614.15,0.00868549,0.00252563,0.282983
614.2,0.00864117,0.00251953,0.283707
614.25,0.00859659,0.00251323,0.284425
614.3,0.00855372,0.00250693,0.285097
614.35,0.00851171,0.00250059,0.285743
614.4,0.00846772,0.00249393,0.286424
614.45,0.00842445,0.00248722,0.287083
614.5,0.00838358,0.00248066,0.287686
614.55,0.00834317,0.00247403,0.288274
614.6,0.00814004,0.00243803,0.291007
614.65,0.00760164,0.00233806,0.29839
614.7,0.00697965,0.00221963,0.307902
614.75,0.00636219,0.00209942,0.318733
614.8,0.00579104,0.00198601,0.330376
614.85,0.00526527,0.00187986,0.342923
614.9,0.00478356,0.0017811,0.356434
614.95,0.00434242,0.0016895,0.371048
615,0.00398966,0.00161563,0.38477
615.05,0.00363829,0.00154218,0.400918
615.1,0.00329163,0.00147008,0.420033
615.15,0.00297213,0.00140403,0.441325
615.2,0.00267779,0.00134359,0.465049
615.25,0.00240713,0.00128839,0.491439
615.3,0.00215726,0.00123774,0.520899
615.35,0.00192751,0.00119137,0.553614
615.4,0.00179057,0.00116368,0.576299
615.45,0.00172341,0.00114984,0.588361
615.5,0.00164611,0.0011333,0.602946
615.55,0.00147118,0.00109486,0.639781
615.6,0.00123638,0.00104023,0.699454
615.65,0.000980872,0.000978709,0.784294
615.7,0.000750021,0.000920904,0.887312
615.75,0.000550403,0.000868391,1.00588
615.8,0.000377524,0.000820375,1.1395
615.85,0.000228602,0.000776519,1.28449
615.9,9.91243e-05,0.000735871,1.4369
615.95,-1.18372e-05,0.000698453,1.58774
616,-0.000108285,0.000663515,1.73257
616.05,-0.000165852,0.000643016,1.82322
616.1,-0.000203754,0.000633886,1.8818
616.15,-0.000237998,0.000626197,1.934
616.2,-0.000268794,0.000619377,1.98024
616.25,-0.000295161,0.000613465,2.01924
616.3,-0.000312228,0.000609876,2.04396
616.35,-0.000322923,0.000607481,2.05939
616.4,0.229574,-0.0938814,-0.388187
616.45,0.1047,-0.160042,-0.991473
616.5,0.211566,-0.0842408,-0.378935
616.55,0.231103,-0.0915999,-0.377364
616.6,0.216486,-0.0830009,-0.366114
616.65,0.103925,-0.161658,-0.999451
616.7,0.019105,-0.243531,-1.49251
616.75,0.0124051,-0.235319,-1.51813
616.8,-0.0136371,-0.241981,-1.62709
616.85,-0.00105876,-0.23703,-1.57526
616.9,-0.00903306,-0.238532,-1.60865
616.95,-0.0108969,-0.237802,-1.61659
617,-0.0054992,-0.240533,-1.59365
617.05,-0.0123918,-0.242377,-1.62188
617.1,-0.0223517,-0.240961,-1.66329
617.15,-0.0159727,-0.238501,-1.63767
617.2,-0.01962,-0.239588,-1.6525
617.25,-0.0345046,-0.245839,-1.71024
617.3,-0.04789,-0.243374,-1.76509
617.35,-0.0412613,-0.242832,-1.73911
617.4,-0.0562238,-0.243982,-1.79728
617.45,-0.0875955,-0.242289,-1.91771
617.5,-0.130899,-0.251704,-2.05035
617.55,-0.12494,-0.251249,-2.03226
617.6,-0.127058,-0.262476,-2.02162
617.65,-0.115691,-0.244926,-2.01208
617.7,-0.108999,-0.2461,-1.98774
617.75,-0.110681,-0.256406,-1.9783
617.8,-0.10834,-0.256137,-1.97095
617.85,-0.0955432,-0.239094,-1.95096
617.9,-0.0893295,-0.229529,-1.94195
617.95,-0.0834277,-0.231521,-1.91666
618,-0.0838319,-0.245912,-1.89934
618.05,-0.070688,-0.217988,-1.88437
618.1,-0.00106912,0.000310568,2.85888
618.15,-0.00108893,0.000320393,2.85544
618.2,-0.00110481,0.000329369,2.85186
618.25,-0.00111477,0.0003359,2.84893
618.3,-0.0011209,0.000340611,2.84659
618.35,-0.00112445,0.000343817,2.84485
618.4,-0.00112624,0.000345734,2.84374
618.45,-0.00112688,0.000346536,2.84325
618.5,-0.00112696,0.000346651,2.84318
618.55,-0.00112703,0.000346766,2.8431
618.6,-0.00112709,0.000346885,2.84302
618.65,-0.00112715,0.000347007,2.84294
618.7,-0.0011272,0.000347132,2.84285
618.75,-0.00112723,0.000347259,2.84275
618.8,-0.00112726,0.000347388,2.84266
618.85,-0.00112727,0.000347518,2.84255
618.9,-0.00112726,0.000347647,2.84245
618.95,-0.00112725,0.000347774,2.84234
619,-0.00112722,0.0003479,2.84223
619.05,-0.00112719,0.000348022,2.84212
619.1,-0.00112714,0.000348142,2.84202
619.15,-0.00112708,0.000348257,2.84191
619.2,-0.00112701,0.000348367,2.8418
619.25,-0.00112693,0.000348472,2.8417
619.3,-0.00112684,0.00034857,2.8416
619.35,-0.00112676,0.000348661,2.8415
619.4,-0.00112666,0.000348745,2.84141
619.45,-0.00112656,0.000348823,2.84132
619.5,-0.00112646,0.000348893,2.84124
619.55,-0.00112635,0.000348955,2.84116
619.6,-0.00112623,0.00034901,2.84109
619.65,-0.00112611,0.000349057,2.84102
619.7,-0.00112599,0.000349096,2.84095
619.75,-0.00112586,0.000349128,2.8409
619.8,-0.00112574,0.000349151,2.84085
619.85,-0.00112561,0.000349167,2.8408
619.9,-0.00112548,0.000349174,2.84076
619.95,-0.00112082,0.000349121,2.83963
620,-0.00110585,0.000348342,2.83643
620.05,-0.00108824,0.000346628,2.83323
620.1,-0.00106899,0.000343674,2.83053
620.15,-0.00104977,0.000339636,2.82869
620.2,0.229948,-0.0747176,-0.314171
620.25,0.228319,-0.0808139,-0.340191
620.3,0.189549,-0.112265,-0.534719
620.35,0.13394,-0.158478,-0.869116
620.4,0.142881,-0.154452,-0.824294
620.45,0.136198,-0.168814,-0.891928
620.5,0.146729,-0.166534,-0.848536
620.55,0.123646,-0.18568,-0.983317
620.6,0.138496,-0.182594,-0.921883
620.65,0.13752,-0.185346,-0.932459
620.7,0.154797,-0.178954,-0.857652
620.75,0.179918,-0.182242,-0.791815
620.8,0.17338,-0.184403,-0.816196
620.85,0.169399,-0.193881,-0.852686
620.9,0.22455,-0.186164,-0.692209
620.95,0.243686,-0.189205,-0.660203
621,0.268305,-0.197296,-0.634054
621.05,0.306901,-0.202047,-0.582219
621.1,0.299317,-0.208123,-0.607584
621.15,0.319971,-0.21072,-0.582368
621.2,0.322512,-0.221012,-0.600779
621.25,0.334365,-0.234007,-0.610628
621.3,0.324899,-0.233223,-0.622593
621.35,0.332129,-0.244523,-0.63463
621.4,0.338018,-0.253201,-0.64291
621.45,0.33422,-0.258658,-0.658632
621.5,0.327152,-0.2605,-0.672461
621.55,0.330171,-0.266286,-0.678698
621.6,0.32263,-0.269372,-0.695678
621.65,0.315825,-0.272565,-0.712008
621.7,0.319996,-0.280315,-0.719393
621.75,0.305584,-0.276366,-0.735234
621.8,0.312493,-0.289193,-0.746693
621.85,0.300883,-0.281798,-0.752655
621.9,0.305948,-0.292134,-0.762305
621.95,0.297321,-0.293663,-0.779208
622,0.285452,-0.28763,-0.7892
622.05,0.279192,-0.284794,-0.79533
622.1,0.288925,-0.297533,-0.800074
622.15,0.287645,-0.303023,-0.811427
622.2,0.300374,-0.309923,-0.801044
622.25,0.317358,-0.326093,-0.798972
622.3,0.347941,-0.353922,-0.79392
622.35,0.357875,-0.353356,-0.779044
622.4,-0.000179197,0.000425397,1.96948
622.45,-0.000166014,0.000441013,1.93083
622.5,-0.000153128,0.000457019,1.8941
622.55,-0.000141505,0.000471879,1.86214
622.6,-0.000133625,0.000481543,1.84148
622.65,-0.000129439,0.000486309,1.83093
622.7,0.367622,-0.334526,-0.738298
622.75,0.363491,-0.34994,-0.766407
622.8,0.32967,-0.335358,-0.793951
622.85,0.309712,-0.336922,-0.827453
622.9,0.306566,-0.350765,-0.852537
622.95,0.314918,-0.375046,-0.872325
623,0.329416,-0.39542,-0.876209
623.05,0.346329,-0.410246,-0.86968
623.1,-6.01042e-05,0.00054407,1.68082
623.15,-4.40687e-05,0.000559667,1.64938
623.2,-2.85924e-05,0.000575238,1.62046
623.25,-1.38689e-05,0.000590198,1.59429
623.3,-6.38951e-07,0.000603765,1.57185
623.35,7.3989e-06,0.000611642,1.5587
623.4,1.05682e-05,0.000614493,1.5536
623.45,0.356763,-0.408807,-0.853274
623.5,0.311416,-0.373651,-0.875995
623.55,0.279818,-0.355831,-0.904416
623.6,0.256832,-0.346209,-0.932536
623.65,0.251493,-0.367151,-0.970219
623.7,0.263315,-0.392025,-0.979331
623.75,0.270188,-0.415636,-0.99438
623.8,0.30063,-0.458404,-0.990341
623.85,0.30502,-0.463652,-0.988913
623.9,0.000106815,0.000675417,1.41395
623.95,0.000124844,0.000689114,1.39157
624,0.000142499,0.000702871,1.37077
624.05,0.00015999,0.000716417,1.35108
624.1,0.000177496,0.000729868,1.33224
624.15,0.000195127,0.000743305,1.31408
624.2,0.000212698,0.000756572,1.29674
624.25,0.000221769,0.000763658,1.28817
624.3,0.000224812,0.000765469,1.28514
624.35,0.00022585,0.000765694,1.28397
624.4,0.32128,-0.492059,-0.992364
624.45,0.253632,-0.413849,-1.02097
624.5,0.247793,-0.414099,-1.03156
624.55,0.235204,-0.416357,-1.05658
624.6,0.220923,-0.414937,-1.08155
624.65,0.208114,-0.419195,-1.10998
624.7,0.203992,-0.436515,-1.13363
624.75,0.202983,-0.450064,-1.1471
624.8,0.215589,-0.483413,-1.1513
624.85,0.241332,-0.528966,-1.14277
624.9,0.266627,-0.582207,-1.14134
624.95,0.00038884,0.000823593,1.12969
625,0.000411305,0.000833986,1.11262
625.05,0.000435383,0.000844899,1.09498
625.1,0.000462757,0.000856345,1.07536
625.15,0.000488939,0.000866038,1.05684
625.2,0.000512964,0.000873586,1.03985
625.25,0.00053198,0.000878221,1.02616
625.3,0.269629,-0.558493,-1.12102
625.35,0.218213,-0.481876,-1.14558
625.4,0.212892,-0.481107,-1.15419
625.45,0.201657,-0.49265,-1.18227
625.5,0.179236,-0.476731,-1.21118
625.55,0.173399,-0.492893,-1.23252
625.6,0.152072,-0.479061,-1.26342
625.65,0.148323,-0.493814,-1.27901
625.7,0.162773,-0.545227,-1.28068
625.75,0.181275,-0.61083,-1.28231
625.8,0.199148,-0.643423,-1.27064
625.85,0.000953835,0.00094553,0.781025
625.9,0.00104854,0.000960649,0.741681
625.95,0.00115725,0.000977657,0.701472
626,0.00128239,0.000996592,0.660642
626.05,0.00141582,0.00101596,0.622423
626.1,0.00151008,0.00102906,0.598174
626.15,0.00158752,0.00103945,0.579717
626.2,0.202438,-0.639816,-1.26436
626.25,0.150846,-0.494022,-1.27444
626.3,0.151771,-0.510999,-1.28209
626.35,0.147962,-0.53385,-1.30042
626.4,0.152163,-0.585927,-1.31671
626.45,0.137778,-0.583861,-1.33906
626.5,0.12423,-0.587428,-1.36239
626.55,0.0989913,-0.569885,-1.39881
626.6,0.0984914,-0.600754,-1.4083
626.65,0.0742125,-0.514926,-1.42766
626.7,0.0748664,-0.547038,-1.43478
626.75,0.0877141,-0.674396,-1.44146
626.8,0.00422556,0.0013652,0.312496
626.85,0.0047554,0.00143382,0.292845
626.9,0.00529282,0.00150261,0.276617
626.95,0.00584483,0.00157273,0.262855
627,0.00638114,0.00163941,0.251476
627.05,0.00690129,0.00170191,0.241783
627.1,0.00737654,0.00175905,0.234093
627.15,0.0078524,0.00181937,0.227679
627.2,0.0915099,-0.721197,-1.44458
627.25,0.0925568,-0.650546,-1.42947
627.3,0.110922,-0.827971,-1.43762
627.35,0.0928065,-0.731561,-1.44461
627.4,0.0998127,-0.823431,-1.45017
627.45,0.0697307,-0.687461,-1.46971
627.5,0.0654066,-0.714099,-1.47946
627.55,0.0521481,-0.627534,-1.48789
627.6,0.0517865,-0.698214,-1.49676
627.65,0.0549173,-0.821448,-1.50404
627.7,0.043303,-0.792495,-1.51621
627.75,0.0310536,-0.876146,-1.53537
627.8,0.0146384,-0.866781,-1.55391
627.85,-0.00866989,-0.853289,-1.58096
627.9,-0.0234571,-0.840605,-1.59869
627.95,-0.0314892,-0.848959,-1.60787
628,-0.0360879,-0.810354,-1.6153
628.05,-0.0526775,-0.824833,-1.63457
628.1,0.0250655,0.00473965,0.186884
628.15,0.0269988,0.00508862,0.186291
628.2,0.0290289,0.00545904,0.185885
628.25,0.0310745,0.00584444,0.185906
628.3,0.0331229,0.00624507,0.186355
628.35,0.035224,0.00666938,0.187127
628.4,0.0373722,0.00711236,0.188063
628.45,0.0395703,0.00757066,0.189038
628.5,0.041878,0.00806442,0.190241
628.55,0.0439506,0.00853205,0.191743
628.6,0.0358608,-0.481032,-1.49638
628.65,0.0120946,-0.609027,-1.55094
628.7,0.0156416,-0.527441,-1.54115
628.75,0.042615,-0.381316,-1.4595
628.8,0.0482648,-0.413599,-1.45463
628.85,0.0372969,-0.386194,-1.47452
628.9,0.0317405,-0.398455,-1.49131
628.95,0.000529598,-0.437025,-1.56958
629,0.0262226,-0.392225,-1.50404
629.05,0.0239826,-0.405949,-1.51179
629.1,0.0996131,-0.269484,-1.21673
629.15,0.22143,-0.190914,-0.711526
629.2,0.260649,-0.185342,-0.618123
629.25,0.267696,-0.194459,-0.628236
629.3,0.277685,-0.206894,-0.640338
629.35,0.264006,-0.198563,-0.644853
629.4,0.264573,-0.202058,-0.65222
629.45,0.261831,-0.199962,-0.652215
629.5,0.258414,-0.196236,-0.649483
629.55,0.264127,-0.199985,-0.648064
629.6,0.263746,-0.199329,-0.647178
629.65,0.257441,-0.190806,-0.637822
629.7,0.260584,-0.191856,-0.634645
629.75,0.258783,-0.19115,-0.636199
629.8,0.258176,-0.183578,-0.618109
629.85,0.260021,-0.180745,-0.607441
629.9,0.255627,-0.180482,-0.614764
629.95,0.118244,0.0311736,0.257773
630,0.119734,0.0313477,0.256064
630.05,0.118893,0.0309747,0.25486
630.1,0.115982,0.0301523,0.254344
630.15,0.11317,0.0292943,0.253292
630.2,0.109945,0.0282848,0.251802
630.25,0.106454,0.0271751,0.249937
630.3,0.102647,0.0259686,0.247789
630.35,0.0986804,0.0247118,0.245376
630.4,0.0945774,0.0234216,0.24276
630.45,0.0903708,0.0221148,0.239996
630.5,0.0860944,0.0208075,0.237135
630.55,0.0817829,0.0195138,0.234225
630.6,0.0774714,0.0182466,0.231311
630.65,0.0731934,0.0170167,0.228431
630.7,0.0689803,0.0158328,0.225619
630.75,0.0648606,0.0147019,0.222903
630.8,0.0610781,0.0136772,0.220296
630.85,0.0574476,0.0127142,0.217807
630.9,0.0539405,0.0118045,0.215446
630.95,0.050571,0.0109492,0.213221
631,0.04735,0.0101491,0.211146
631.05,0.0442845,0.00940326,0.20923
631.1,0.0413787,0.00871058,0.20748
631.15,0.0386343,0.00806918,0.205901
631.2,0.0360505,0.00747679,0.204498
631.25,0.0336249,0.00693088,0.203277
631.3,0.0313532,0.00642874,0.20224
631.35,0.0292302,0.00596759,0.201391
631.4,0.0272298,0.00554042,0.200729
631.45,0.0253365,0.00514384,0.200299
631.5,0.0235455,0.00477542,0.200102
631.55,0.0218216,0.00443275,0.200409
631.6,0.0202684,0.00413875,0.201428
631.65,0.0187923,0.00387061,0.203127
631.7,0.0174151,0.00362985,0.205489
631.75,0.0161346,0.00341381,0.208507
631.8,0.0149476,0.00321999,0.212176
631.85,0.0138501,0.00304612,0.216488
631.9,0.0128379,0.00289008,0.22143
631.95,0.0119063,0.00274995,0.226985
632,0.0108961,0.00259842,0.2341
632.05,-0.0183024,-0.527944,-1.60545
632.1,-0.0123195,-0.575917,-1.59218
632.15,-0.004865,-0.568686,-1.57935
632.2,0.0093031,-0.595268,-1.55517
632.25,0.022764,-0.641716,-1.53534
632.3,0.0303981,-0.535643,-1.51411
632.35,0.0298629,-0.461235,-1.50614
632.4,0.0361576,-0.482124,-1.49594
632.45,0.0435796,-0.504698,-1.48466
632.5,0.0384611,-0.433804,-1.48237
632.55,0.00296254,0.00143821,0.451954
632.6,0.00271398,0.00140209,0.476852
632.65,0.0025027,0.0013715,0.501314
632.7,0.00235346,0.00134999,0.520796
632.75,0.00226111,0.0013363,0.533771
632.8,0.00220931,0.00132836,0.541344
632.85,0.0452808,-0.435022,-1.46708
632.9,0.0514697,-0.491545,-1.46647
632.95,0.0607578,-0.493552,-1.44831
633,0.0772921,-0.539341,-1.42846
633.05,0.0828487,-0.477937,-1.39916
633.1,0.104091,-0.536673,-1.37922
633.15,0.110381,-0.524635,-1.36342
633.2,0.0929381,-0.447433,-1.36599
633.25,0.0663063,-0.325133,-1.36962
633.3,0.0464448,-0.231797,-1.37305
633.35,0.00165551,0.00122761,0.638057
633.4,0.00160344,0.00121898,0.650015
633.45,0.00155392,0.00121105,0.662022
633.5,0.00151378,0.0012048,0.67223
633.55,0.00148872,0.00120095,0.678814
633.6,0.00147752,0.00119903,0.681723
633.65,0.00147604,0.00119874,0.682094
633.7,0.066767,-0.314254,-1.36145
633.75,0.100637,-0.428822,-1.34029
633.8,0.120255,-0.480253,-1.32544
633.85,0.123703,-0.472257,-1.31461
633.9,0.136075,-0.480173,-1.29465
633.95,0.139894,-0.461722,-1.2766
634,0.150988,-0.469976,-1.25994
634.05,0.132713,-0.410735,-1.25827
634.1,0.119855,-0.370769,-1.25814
634.15,0.0831554,-0.266056,-1.26787
634.2,0.00124463,0.00113999,0.741544
634.25,0.00121171,0.00113253,0.751637
634.3,0.00118497,0.00112673,0.760211
634.35,0.00116985,0.00112356,0.765215
634.4,0.00116651,0.00112298,0.766387
634.45,0.0715403,-0.248607,-1.2906
634.5,0.0990614,-0.317916,-1.26873
634.55,0.117774,-0.357511,-1.25256
634.6,0.143153,-0.400431,-1.22746
634.65,0.139537,-0.374365,-1.21402
634.7,0.137755,-0.361723,-1.20692
634.75,0.1207,-0.314607,-1.20446
634.8,0.099484,-0.256187,-1.20039
634.85,0.00104952,0.00108582,0.802396
634.9,0.00102525,0.00107902,0.810949
634.95,0.00100489,0.0010735,0.818397
635,0.000991933,0.00106997,0.823227
635.05,0.000990066,0.00106911,0.823767
635.1,0.000996531,0.00107031,0.821078
635.15,0.00100361,0.00107159,0.818144
635.2,0.0778349,-0.215844,-1.2247
635.25,0.104505,-0.275325,-1.20803
635.3,0.117515,-0.294161,-1.19073
635.35,0.127755,-0.308757,-1.17847
635.4,0.126836,-0.2975,-1.16779
635.45,0.134433,-0.306173,-1.15706
635.5,0.11675,-0.266137,-1.15739
635.55,0.114469,-0.254745,-1.14848
635.6,0.00100227,0.00105519,0.811111
635.65,0.0009828,0.00104786,0.817424
635.7,0.000965087,0.00104155,0.823487
635.75,0.000958833,0.00103855,0.825287
635.8,0.000964065,0.0010386,0.822598
635.85,0.000977039,0.00104036,0.816776
635.9,0.000992162,0.00104242,0.810094
635.95,0.00100922,0.00104471,0.802679
636,0.0971052,-0.223725,-1.1613
636.05,0.109224,-0.243718,-1.14947
636.1,0.132913,-0.282941,-1.13163
636.15,0.128351,-0.268135,-1.12435
636.2,0.109852,-0.222258,-1.11176
636.25,0.000997599,0.0010295,0.801136
636.3,0.000959282,0.00101887,0.815511
636.35,0.000922313,0.00100882,0.830162
636.4,0.000894249,0.00100161,0.841967
636.45,0.000877071,0.000997199,0.849404
636.5,0.000873182,0.000996186,0.851103
636.55,0.00087171,0.000995719,0.851707
636.6,0.000871591,0.000995482,0.851657
636.65,0.000871874,0.000995438,0.851474
636.7,0.000870246,0.000994855,0.85211
636.75,0.000868481,0.000994235,0.852807
636.8,0.105821,-0.211356,-1.10661
636.85,0.118645,-0.230314,-1.09511
636.9,0.130887,-0.246895,-1.08333
636.95,0.133718,-0.241339,-1.06484
637,0.000823702,0.000977487,0.870571
637.05,0.000794441,0.000967292,0.883199
637.1,0.00076494,0.000957372,0.896665
637.15,0.000743249,0.000950216,0.90701
637.2,0.000728806,0.000945429,0.91407
637.25,0.000719861,0.00094242,0.918494
637.3,0.000716123,0.000941114,0.920336
637.35,0.000714703,0.000940566,0.921011
637.4,0.000713292,0.000939985,0.921666
637.45,0.000712094,0.000939401,0.922176
637.5,0.118532,-0.213604,-1.06419
637.55,0.127223,-0.223229,-1.05279
637.6,0.139006,-0.23752,-1.0413
637.65,0.135424,-0.224833,-1.02867
637.7,0.133531,-0.214505,-1.01399
637.75,0.00065581,0.000914602,0.948722
637.8,0.000630041,0.00090407,0.962158
637.85,0.00060571,0.000894582,0.975614
637.9,0.000588941,0.000888201,0.985286
637.95,0.000580021,0.000884807,0.990541
638,0.0005781,0.000884074,0.991681
638.05,0.000576821,0.000883529,0.992413
638.1,0.000575406,0.000882912,0.993217
638.15,0.000574009,0.000882291,0.994007
638.2,0.000572622,0.000881664,0.994788
638.25,0.121539,-0.201352,-1.02772
638.3,0.135853,-0.215394,-1.0081
638.35,0.133555,-0.210522,-1.00547
638.4,0.132365,-0.199562,-0.985142
638.45,0.000542231,0.000865606,1.01118
638.5,0.000521903,0.000855449,1.02299
638.55,0.00050109,0.000845543,1.03582
638.6,0.000486987,0.000838984,1.04488
638.65,0.000479715,0.000835599,1.04964
638.7,0.000478354,0.000834962,1.05054
638.75,0.00047727,0.000834435,1.05124
638.8,0.000476184,0.000833865,1.05193
638.85,0.000475208,0.000833314,1.05253
638.9,0.000474252,0.000832739,1.0531
638.95,0.137864,-0.204355,-0.977299
639,0.141648,-0.208986,-0.975135
639.05,0.153301,-0.217047,-0.955851
639.1,0.148844,-0.203811,-0.94002
639.15,0.145193,-0.195335,-0.931594
639.2,0.000429736,0.000805492,1.0807
639.25,0.000409619,0.000794344,1.09469
639.3,0.000390027,0.000784067,1.1092
639.35,0.000376191,0.000777112,1.11996
639.4,0.00036866,0.00077331,1.12594
639.45,0.000367115,0.000772514,1.12717
639.5,0.000366183,0.000771988,1.12789
639.55,0.000365721,0.00077168,1.12822
639.6,0.000364759,0.000771097,1.12895
639.65,0.000363847,0.000770533,1.12963
639.7,0.000363201,0.000770119,1.13011
639.75,0.137046,-0.18606,-0.935946
639.8,0.15548,-0.205907,-0.92404
639.85,0.157274,-0.203609,-0.913092
639.9,0.151183,-0.189488,-0.897369
639.95,0.000339484,0.000753186,1.14733
640,0.00032307,0.000742302,1.1603
640.05,0.000305342,0.000731031,1.17514
640.1,0.000294082,0.000724232,1.18508
640.15,0.000289641,0.000721567,1.18908
640.2,0.000288422,0.000720906,1.19022
640.25,0.000288006,0.000720699,1.19062
640.3,0.000287437,0.000720343,1.19113
640.35,0.000286758,0.00071986,1.19171
640.4,0.000286072,0.000719356,1.19229
640.45,0.152295,-0.18617,-0.885149
640.5,0.165266,-0.201298,-0.88338
640.55,0.182248,-0.213903,-0.865135
640.6,0.17557,-0.202924,-0.857543
640.65,0.168574,-0.19037,-0.846047
640.7,0.0002554,0.000694194,1.21826
640.75,0.000238671,0.000681818,1.23408
640.8,0.00022125,0.000669609,1.25167
640.85,0.000208988,0.000661352,1.26472
640.9,0.000200599,0.000655754,1.27393
640.95,0.000198319,0.000654219,1.27646
641,0.000197945,0.000653931,1.27686
641.05,0.000197526,0.000653598,1.27731
641.1,0.000196937,0.000653122,1.27793
641.15,0.00019687,0.000653025,1.27799
641.2,0.000196429,0.000652635,1.27844
641.25,0.165561,-0.188275,-0.849501
641.3,0.173049,-0.195803,-0.847009
641.35,0.173665,-0.189402,-0.828715
641.4,0.187663,-0.200516,-0.818499
641.45,0.169987,-0.177498,-0.807012
641.5,0.000169514,0.000628419,1.30732
641.55,0.000153786,0.000615725,1.32604
641.6,0.000138489,0.000604049,1.34542
641.65,0.000129129,0.000597048,1.3578
641.7,0.000125237,0.000594055,1.36302
641.75,0.000124767,0.000593601,1.36363
641.8,0.000124589,0.000593349,1.36383
641.85,0.000123719,0.000592559,1.36497
641.9,0.000122841,0.000591753,1.36611
641.95,0.000122412,0.000591391,1.36669
642,0.181439,-0.190463,-0.809657
642.05,0.180205,-0.187971,-0.806488
642.1,0.19084,-0.18879,-0.779997
642.15,0.180443,-0.180523,-0.78562
642.2,0.183181,-0.176729,-0.767471
642.25,9.25756e-05,0.000563249,1.40789
642.3,7.55304e-05,0.000548614,1.43398
642.35,5.85699e-05,0.000534742,1.4617
642.4,4.61594e-05,0.000524998,1.4831
642.45,3.79014e-05,0.000518565,1.49784
642.5,3.18412e-05,0.000513795,1.5089
642.55,2.99908e-05,0.000512336,1.51233
642.6,3.01251e-05,0.000512492,1.51208
642.65,2.98198e-05,0.000512228,1.51265
642.7,2.96415e-05,0.000512104,1.51298
642.75,2.9465e-05,0.000511997,1.51331
642.8,2.89643e-05,0.000511578,1.51424
642.85,0.180184,-0.172622,-0.763965
642.9,0.181236,-0.171583,-0.758046
642.95,0.196018,-0.180325,-0.743723
643,0.189701,-0.168451,-0.726135
643.05,0.17763,-0.154963,-0.717353
643.1,-1.88389e-07,0.000480255,1.57119
643.15,-1.58229e-05,0.000464922,1.60482
643.2,0.0137426,-0.242831,-1.51426
643.25,0.00605021,-0.23644,-1.54521
643.3,0.00912372,-0.22725,-1.53067
643.35,-5.20321e-05,0.000432092,1.69064
643.4,-6.06702e-05,0.000424985,1.7126
643.45,-7.04783e-05,0.000417346,1.73809
643.5,-0.0198399,-0.234376,-1.65525
643.55,1.75725e-05,-0.236327,-1.57072
643.6,-0.00644791,-0.232154,-1.59856
643.65,-0.00482104,-0.237646,-1.59108
643.7,-0.0109746,-0.237002,-1.61707
643.75,-0.0147147,-0.232244,-1.63407
643.8,-0.000108966,0.00038929,1.84372
643.85,0.0280905,-0.231822,-1.45021
643.9,-0.000138633,0.000372137,1.9274
643.95,-0.000149595,0.000366409,1.95841
644,-0.00841269,-0.233068,-1.60688
644.05,-0.000165297,0.000358609,2.00271
644.1,-0.000168842,0.000357202,2.01235
644.15,0.00507619,-0.227067,-1.54844
644.2,-0.00953165,-0.225728,-1.613
644.25,-0.00646388,-0.23016,-1.59887
644.3,-0.0070012,-0.230839,-1.60112
644.35,0.0116897,-0.23694,-1.5215
644.4,0.0233209,-0.227786,-1.46877
644.45,0.015467,-0.228702,-1.50327
644.5,-0.000204606,0.000339956,2.11258
644.55,-0.00022223,0.000333146,2.15908
644.6,-0.000237803,0.000327836,2.19835
644.65,-0.0106462,-0.228677,-1.61732
644.7,-0.00025447,0.00032223,2.23923
644.75,-0.00859822,-0.228507,-1.60841
644.8,-0.0309684,-0.223955,-1.7082
644.85,-0.00311051,-0.234176,-1.58408
644.9,0.000506261,-0.231568,-1.56861
644.95,0.00342473,-0.22963,-1.55588
645,-0.0103085,-0.230455,-1.6155
645.05,-0.000265933,0.000318332,2.26675
645.1,-0.000275524,0.000315028,2.2894
645.15,-0.00055954,-0.228598,-1.57324
645.2,-0.00662491,-0.233258,-1.59919
645.25,-0.0245212,-0.227525,-1.67816
645.3,0.0178744,-0.236772,-1.49545
645.35,-0.00649864,-0.228198,-1.59927
645.4,-0.000320408,0.000301054,2.38733
645.45,-0.000334487,0.000297932,2.41393
645.5,-0.000348694,0.000295556,2.43849
645.55,-0.000362906,0.000293539,2.46147
645.6,-0.00037325,0.000291994,2.47774
645.65,-0.000377549,0.000291142,2.4847
645.7,-0.000377807,0.000291084,2.48513
645.75,-0.00432889,-0.229653,-1.58964
645.8,-0.0104056,-0.229868,-1.61603
645.85,-0.00149542,-0.233105,-1.57721
645.9,-0.0127283,-0.235649,-1.62476
645.95,-0.0118689,-0.23533,-1.62119
646,-0.0100955,-0.237327,-1.61331
646.05,0.00132169,-0.236237,-1.5652
646.1,0.000915742,-0.238022,-1.56695
646.15,0.00977447,-0.237811,-1.52972
646.2,0.0048505,-0.238859,-1.55049
646.25,0.00891674,-0.236949,-1.53318
646.3,0.0206205,-0.234608,-1.48313
646.35,-0.000425559,0.000275465,2.56712
646.4,-0.00044489,0.000271571,2.59354
646.45,-0.000464247,0.000268842,2.61669
646.5,-0.000483133,0.000267005,2.63672
646.55,-0.000500872,0.000265265,2.65454
646.6,-0.000510981,0.000264284,2.66427
646.65,-0.134814,-0.184505,-2.20182
646.7,-0.00624631,-0.230695,-1.59787
646.75,-0.0428326,-0.220844,-1.76237
646.8,-0.00989143,-0.22723,-1.6143
646.85,-0.0640674,-0.214091,-1.86157
646.9,-0.0693932,-0.216445,-1.88105
646.95,-0.121602,-0.195611,-2.12699
647,-0.124864,-0.204781,-2.11835
647.05,-0.127642,-0.219243,-2.09802
647.1,-0.000578026,0.000254621,2.72667
647.15,-0.000594681,0.000255055,2.73643
647.2,-0.000611376,0.000255778,2.74536
647.25,-0.000628071,0.000256607,2.75373
647.3,-0.1158,-0.20027,-2.09505
647.35,-0.000661852,0.000259053,2.76852
647.4,-0.126286,-0.214068,-2.10378
647.45,-0.12095,-0.20193,-2.11046
647.5,-0.119077,-0.204618,-2.09784
647.55,-0.114285,-0.206039,-2.07722
647.6,-0.000685144,0.000260768,2.77792
647.65,-0.111602,-0.202326,-2.07486
647.7,-0.000705689,0.000264246,2.7833
647.75,-0.109641,-0.202233,-2.06759
647.8,-0.000719022,0.000267153,2.78585
647.85,-0.000722771,0.000268043,2.78646
647.9,-0.000725435,0.00026865,2.78692
647.95,-0.000728206,0.000269299,2.78738
648,-0.000730872,0.00026988,2.78787
648.05,-0.000731979,0.000270129,2.78806
648.1,-0.126978,-0.207256,-2.12047
648.15,-0.122405,-0.197306,-2.12607
648.2,-0.132042,-0.210516,-2.131
648.25,-0.125681,-0.207136,-2.11617
648.3,-0.116925,-0.203542,-2.09222
648.35,-0.117478,-0.208389,-2.08413
648.4,-0.109649,-0.210732,-2.05057
648.45,-0.107222,-0.20274,-2.05727
648.5,-0.102595,-0.210995,-2.02338
648.55,-0.0916974,-0.208096,-1.98585
648.6,-0.0007853,0.000280202,2.79886
648.65,-0.000803264,0.000285611,2.79997
648.7,-0.000819902,0.000291219,2.8003
648.75,-0.000835938,0.000296952,2.80026
648.8,-0.000849791,0.000301685,2.80046
648.85,-0.000857334,0.000304738,2.80007
648.9,-0.000861589,0.000306721,2.79959
648.95,-0.00086447,0.000308269,2.79905
649,-0.000866401,0.000309484,2.79851
649.05,-0.000867681,0.000310435,2.79801
649.1,-0.00086852,0.000311175,2.79756
649.15,-0.000869038,0.000311718,2.79719
649.2,-0.00086911,0.000311806,2.79713
649.25,-0.000869165,0.000311891,2.79706
649.3,-0.000869212,0.00031198,2.79699
649.35,-0.000869251,0.000312075,2.79691
649.4,-0.000869282,0.000312173,2.79682
649.45,-0.000869304,0.000312274,2.79673
649.5,-0.000869317,0.000312376,2.79663
649.55,-0.000869322,0.000312479,2.79652
649.6,-0.000869318,0.000312582,2.79642
649.65,-0.000869305,0.000312685,2.79631
649.7,-0.000869283,0.000312787,2.7962
649.75,-0.000869254,0.000312887,2.79608
649.8,-0.000869216,0.000312984,2.79597
649.85,-0.000869171,0.000313078,2.79586
649.9,-0.000869118,0.000313169,2.79575
649.95,-0.000869058,0.000313256,2.79563
650,-0.000868992,0.000313338,2.79553
650.05,-0.000868918,0.000313416,2.79542
650.1,-0.000868839,0.000313489,2.79532
650.15,-0.000868754,0.000313556,2.79522
650.2,-0.000868664,0.000313618,2.79512
650.25,0.212297,-0.0977463,-0.431488
650.3,0.214052,-0.102614,-0.447022
650.35,0.211278,-0.100599,-0.444384
650.4,0.214653,-0.108032,-0.466274
650.45,0.221907,-0.118976,-0.492149
650.5,0.227259,-0.129359,-0.517476
650.55,0.219428,-0.131524,-0.539975
650.6,0.22856,-0.138523,-0.544868
650.65,0.225618,-0.144805,-0.570598
650.7,0.225693,-0.148358,-0.581523
650.75,0.231215,-0.156667,-0.595522
650.8,0.223783,-0.154166,-0.603243
650.85,0.227878,-0.162912,-0.620661
650.9,0.223791,-0.164225,-0.633074
650.95,0.239626,-0.177659,-0.637974
651,0.232059,-0.175799,-0.648323
651.05,0.226757,-0.179727,-0.67021
651.1,0.228703,-0.185275,-0.680877
651.15,0.231829,-0.190928,-0.688949
651.2,0.230623,-0.19101,-0.691722
651.25,0.223203,-0.195121,-0.718368
651.3,0.21438,-0.191723,-0.729664
651.35,0.221161,-0.20099,-0.737653
651.4,0.217784,-0.201788,-0.74729
651.45,0.217976,-0.203032,-0.749918
651.5,0.218578,-0.209978,-0.765334
651.55,0.206373,-0.205616,-0.783559
651.6,0.205729,-0.208592,-0.792309
651.65,0.20652,-0.209102,-0.791609
651.7,0.204724,-0.214152,-0.807901
651.75,0.196099,-0.208954,-0.817125
651.8,0.21516,-0.225477,-0.808809
651.85,0.22808,-0.240457,-0.811808
651.9,0.227951,-0.236528,-0.803861
651.95,-0.000254389,0.000681655,1.92798
652,-0.000236095,0.000698137,1.8969
652.05,-0.000218519,0.000714252,1.86769
652.1,-0.000204575,0.000726715,1.8452
652.15,-0.000192326,0.000736687,1.82616
652.2,0.222506,-0.227704,-0.796943
652.25,0.217918,-0.228508,-0.809115
652.3,0.209957,-0.225282,-0.820595
652.35,0.215198,-0.241446,-0.842814
652.4,0.209325,-0.248184,-0.870131
652.45,0.194,-0.245887,-0.90281
652.5,0.188238,-0.248441,-0.922401
652.55,0.194221,-0.259142,-0.927631
652.6,0.193777,-0.260709,-0.931616
652.65,0.210998,-0.282482,-0.929255
652.7,0.206559,-0.273372,-0.923724
652.75,4.56065e-05,0.000836624,1.51634
652.8,8.09661e-05,0.000851172,1.47596
652.85,0.000124255,0.000866469,1.42836
652.9,0.000177007,0.000882061,1.37275
652.95,0.000232029,0.000895456,1.31725
653,0.000286066,0.000906388,1.26508
653.05,0.220611,-0.283098,-0.908822
653.1,0.195739,-0.261701,-0.928611
653.15,0.197527,-0.269278,-0.937911
653.2,0.195611,-0.283881,-0.967451
653.25,0.190052,-0.293057,-0.995466
653.3,0.185282,-0.302148,-1.02072
653.35,0.169962,-0.293089,-1.04529
653.4,0.169861,-0.30322,-1.06016
653.45,0.173954,-0.313231,-1.06385
653.5,0.179476,-0.319231,-1.05862
653.55,0.00100785,0.00100035,0.781665
653.6,0.00111322,0.00101348,0.738533
653.65,0.00121627,0.00102556,0.70053
653.7,0.00131131,0.00103546,0.66839
653.75,0.00141776,0.00104362,0.63455
653.8,0.208584,-0.344745,-1.02668
653.85,0.1997,-0.33579,-1.03427
653.9,0.178987,-0.311493,-1.04925
653.95,0.176782,-0.320902,-1.06727
654,0.16556,-0.32956,-1.10526
654.05,0.159593,-0.338444,-1.13017
654.1,0.159754,-0.353332,-1.14617
654.15,0.152797,-0.348845,-1.15796
654.2,0.147275,-0.345593,-1.16795
654.25,0.166097,-0.386941,-1.16533
654.3,0.174863,-0.397149,-1.15604
654.35,0.00508412,0.00118299,0.228615
654.4,0.00550616,0.00118891,0.212658
654.45,0.00593316,0.00119269,0.198378
654.5,0.00634606,0.00119618,0.186306
654.55,0.00673152,0.00120048,0.176481
654.6,0.00724379,0.00120817,0.165266
654.65,0.00783265,0.00121814,0.154285
654.7,0.00843234,0.00122908,0.144739
654.75,0.00908837,0.00124139,0.135751
654.8,0.00981948,0.00125498,0.127116
654.85,0.0106382,0.00126895,0.118721
654.9,0.0115404,0.00128267,0.110691
654.95,0.0122622,0.00129066,0.104869
655,0.0128368,0.00129303,0.10039
655.05,0.0132149,0.00129329,0.0975557
655.1,0.0135949,0.00129233,0.0947753
655.15,0.0140021,0.00128891,0.0917927
655.2,0.014416,0.00127977,0.0885423
655.25,0.0151628,0.00126295,0.0831008
655.3,0.0162346,0.00124123,0.0763076
655.35,0.0174215,0.0012165,0.0697144
655.4,0.0186906,0.00118914,0.0635367
655.45,0.0200445,0.00115905,0.0577594
655.5,0.0214857,0.00112622,0.0523693
655.55,0.023013,0.00109083,0.047365
655.6,0.0246644,0.00105332,0.0426802
655.65,0.0264885,0.00100608,0.0379636
655.7,0.0281006,0.000956672,0.0340314
655.75,0.0291941,0.000914425,0.031312
655.8,0.0300696,0.000871098,0.0289613
655.85,0.0305491,0.000825955,0.0270304
655.9,0.030982,0.000780151,0.0251754
655.95,0.0313955,0.000731252,0.0232874
656,0.0319639,0.000673095,0.0210549
656.05,0.0328695,0.00059912,0.0182252
656.1,0.0340159,0.000510377,0.0150029
656.15,0.0355134,0.000400124,0.0112664
656.2,0.0374109,0.000281674,0.00752905
656.25,0.039598,0.000156251,0.00394591
656.3,0.0420283,2.74646e-05,0.000653478
656.35,0.0446062,-9.83137e-05,-0.00220403
656.4,0.0472747,-0.000216361,-0.00457665
656.45,0.0500213,-0.000323158,-0.00646032
656.5,0.0528317,-0.000414835,-0.00785186
656.55,0.0556893,-0.000487175,-0.00874785
656.6,0.0585758,-0.000535697,-0.00914511
656.65,0.0614703,-0.000555749,-0.00904068
656.7,0.0643507,-0.000542594,-0.00843163
656.75,0.0671926,-0.000491773,-0.00731873
656.8,0.069972,-0.000398985,-0.00570201
656.85,0.072663,-0.000260286,-0.00358208
656.9,0.0743782,-0.000123955,-0.00166655
656.95,0.073232,-7.10161e-05,-0.00096974
657,0.070293,-4.73594e-05,-0.000673743
657.05,0.0671678,3.7199e-06,5.53822e-05
657.1,0.0640322,7.79715e-05,0.00121769
657.15,0.0608822,0.00016801,0.00275959
657.2,0.0577348,0.000268716,0.00465428
657.25,0.0546094,0.000375819,0.00688183
657.3,0.0515246,0.00048564,0.00942511
657.35,0.0484977,0.000595105,0.0122702
657.4,0.0455444,0.000701724,0.0154063
657.45,0.0426782,0.000803565,0.0188263
657.5,0.0399109,0.000899203,0.0225265
657.55,0.0372519,0.000987659,0.0265068
657.6,0.0347085,0.00106834,0.0307706
657.65,0.0322858,0.00114096,0.0353245
657.7,0.0299873,0.00120548,0.0401782
657.75,0.0278143,0.00126209,0.0453445
657.8,0.0257667,0.00131108,0.0508388
657.85,0.023843,0.00135286,0.0566795
657.9,0.0220404,0.00138789,0.0628876
657.95,0.0203552,0.00141669,0.0694864
658,0.0187832,0.00143976,0.0765018
658.05,0.0173195,0.00145761,0.0839624
658.1,0.0159587,0.00147074,0.0918996
658.15,0.0146953,0.00147961,0.100347
658.2,0.0135239,0.00148465,0.109342
658.25,0.0124387,0.00148629,0.118925
658.3,0.0114342,0.00148487,0.129139
658.35,0.0105052,0.00148074,0.140032
658.4,0.00964621,0.00147422,0.151655
658.45,0.00885245,0.00146556,0.164066
658.5,0.00811915,0.00145502,0.177327
658.55,0.00744182,0.00144283,0.191505
658.6,0.00681626,0.00142918,0.206678
658.65,0.00623854,0.00141424,0.222926
658.7,0.00570497,0.00139818,0.240344
658.75,0.00521213,0.00138113,0.259031
658.8,0.00475686,0.00136323,0.279101
658.85,0.00433678,0.0013446,0.300646
658.9,0.00394848,0.00132531,0.323835
658.95,0.00358951,0.00130546,0.348817
659,0.00325622,0.00128503,0.375877
659.05,0.00294116,0.00126369,0.40581
659.1,0.00264434,0.0012415,0.438947
659.15,0.0023707,0.00121893,0.474916
659.2,0.00208699,0.00119328,0.519404
659.25,0.00175625,0.00116062,0.583965
659.3,0.00140142,0.001123,0.675553
659.35,0.00107497,0.00108535,0.790205
659.4,0.000779239,0.00104835,0.931596
659.45,0.000518187,0.00101241,1.09773
659.5,0.000302515,0.000979797,1.27133
659.55,0.000123014,0.000949919,1.44201
659.6,-2.85909e-05,0.000922277,1.60179
659.65,-0.000112128,0.00091006,1.69339
659.7,-0.000178305,0.000902484,1.76586
659.75,-0.00023778,0.000895717,1.83027
659.8,-0.000291804,0.000889594,1.88776
659.85,-0.000341073,0.000884024,1.93902
659.9,-0.000377026,0.000879921,1.97561
659.95,-0.000389632,0.000878391,1.98829
660,-0.000398104,0.000877305,1.99679
660.05,-0.000412658,0.000875463,2.01127
660.1,-0.000438397,0.000872298,2.0365
660.15,-0.000466716,0.000868862,2.06373
660.2,-0.000496748,0.000865271,2.09195
660.25,-0.00052607,0.000861824,2.11884
660.3,-0.000552717,0.000858735,2.14269
660.35,-0.000576911,0.000855968,2.16385
660.4,-0.000598845,0.000853489,2.18262
660.45,-0.000618778,0.000851262,2.19935
660.5,-0.000636765,0.000849273,2.21415
660.55,-0.00065264,0.000847544,2.227
660.6,-0.000664282,0.000846266,2.2363
660.65,-0.000671341,0.000845426,2.24192
660.7,-0.000676161,0.000844802,2.24577
660.75,-0.000679427,0.00084434,2.24839
660.8,-0.000682618,0.000843883,2.25094
660.85,-0.000683629,0.00083887,2.25458
660.9,-0.000682243,0.000822015,2.26354
660.95,-0.00067977,0.000802199,2.27377
661,-0.00067597,0.000781973,2.28362
661.05,0.211876,-0.113332,-0.491176
661.1,0.225715,-0.125496,-0.507434
661.15,0.213462,-0.120993,-0.515658
661.2,0.236374,-0.129851,-0.502342
661.25,0.250928,-0.13319,-0.487976
661.3,0.246273,-0.125777,-0.472187
661.35,0.244272,-0.123643,-0.468573
661.4,0.255622,-0.120913,-0.441826
661.45,0.248269,-0.115547,-0.435595
661.5,0.263152,-0.118201,-0.422168
661.55,0.264676,-0.11687,-0.415811
661.6,0.261365,-0.113766,-0.410542
661.65,0.262263,-0.110092,-0.397438
661.7,0.183349,-0.154615,-0.700581
661.75,0.128025,-0.178639,-0.94897
661.8,0.101396,-0.198802,-1.09915
661.85,0.0821447,-0.211963,-1.20107
661.9,0.074471,-0.223404,-1.24903
661.95,0.0583541,-0.236141,-1.32853
662,0.0602314,-0.237396,-1.32232
662.05,0.0567979,-0.246165,-1.34403
662.1,0.0407168,-0.255745,-1.41291
662.15,0.0413999,-0.264983,-1.41581
662.2,0.0235259,-0.276782,-1.486
662.25,0.000730909,-0.300803,-1.56837
662.3,-0.00798828,-0.30695,-1.59682
662.35,-0.0110471,-0.311331,-1.60626
662.4,-0.0132227,-0.318505,-1.61229
662.45,-0.0192399,-0.314905,-1.63182
662.5,-0.0181111,-0.316388,-1.62798
662.55,-0.0196774,-0.324157,-1.63143
662.6,-0.0255084,-0.322069,-1.64983
662.65,-0.0255072,-0.322639,-1.64969
662.7,-0.0294532,-0.329087,-1.66006
662.75,-0.0325945,-0.322698,-1.67146
662.8,-0.0304913,-0.329078,-1.66319
662.85,-0.0364271,-0.323978,-1.68276
662.9,-0.0382253,-0.319684,-1.6898
662.95,-0.0431204,-0.32524,-1.70261
663,-0.0496632,-0.320106,-1.72472
663.05,-0.0574899,-0.325787,-1.74546
663.1,-0.0658639,-0.319019,-1.77439
663.15,-0.0774562,-0.310845,-1.815
663.2,-0.0818095,-0.312614,-1.82675
663.25,-0.0888829,-0.298477,-1.86022
663.3,-0.0978421,-0.298806,-1.88724
663.35,-0.102498,-0.288932,-1.91169
663.4,-0.11644,-0.294489,-1.94733
663.45,-0.13549,-0.306873,-1.98657
663.5,-0.139228,-0.310907,-1.99183
663.55,-0.131402,-0.300383,-1.98316
663.6,-0.127413,-0.298352,-1.97441
663.65,-0.124791,-0.268287,-2.00617
663.7,-0.111575,-0.22227,-2.03603
663.75,-0.0011491,9.72893e-05,3.05713
663.8,-0.00116683,0.000109184,3.04829
663.85,-0.00118005,0.000119154,3.04096
663.9,-0.00118767,0.000125785,3.03608
663.95,-0.00119207,0.000130225,3.03278
664,-0.00119432,0.00013289,3.03078
664.05,-0.00119516,0.000134071,3.02988
664.1,-0.00119526,0.000134232,3.02976
664.15,-0.00119532,0.000134353,3.02966
664.2,-0.00119537,0.000134478,3.02956
664.25,-0.00119541,0.000134607,3.02946
664.3,-0.00119543,0.000134739,3.02935
664.35,-0.00119545,0.000134872,3.02925
664.4,-0.00119545,0.000135007,3.02914
664.45,-0.00119544,0.00013514,3.02902
664.5,-0.00119543,0.000135273,3.02891
664.55,-0.0011954,0.000135405,3.0288
664.6,-0.00119536,0.000135534,3.02869
664.65,-0.00119532,0.000135659,3.02858
664.7,-0.00119526,0.000135781,3.02848
664.75,-0.0011952,0.000135898,3.02838
664.8,-0.00119512,0.00013601,3.02828
664.85,-0.00119504,0.000136116,3.02818
664.9,-0.00119496,0.000136216,3.02809
664.95,-0.00119486,0.00013631,3.028
665,-0.00119476,0.000136398,3.02792
665.05,-0.00119466,0.000136478,3.02785
665.1,-0.00119454,0.000136551,3.02777
665.15,-0.00119443,0.000136617,3.02771
665.2,-0.00119431,0.000136675,3.02765
665.25,-0.00119419,0.000136726,3.0276
665.3,-0.00119406,0.000136769,3.02755
665.35,-0.00119393,0.000136804,3.02751
665.4,-0.0011938,0.000136832,3.02747
665.45,-0.00118878,0.000137576,3.02638
665.5,-0.00117244,0.000139239,3.02339
665.55,0.0287916,-0.229558,-1.44603
665.6,0.024495,-0.23894,-1.46864
665.65,0.0115608,-0.248102,-1.52423
665.7,0.0200893,-0.249749,-1.49053
665.75,0.0373353,-0.230418,-1.41016
665.8,0.0373737,-0.238388,-1.41529
665.85,0.0664818,-0.216761,-1.2732
665.9,0.0738401,-0.215506,-1.2407
665.95,0.0752597,-0.213139,-1.23136
666,0.0817621,-0.215788,-1.20861
666.05,0.0948928,-0.212093,-1.1501
666.1,0.105933,-0.21105,-1.1056
666.15,0.119494,-0.205493,-1.04409
666.2,0.115183,-0.213417,-1.07589
666.25,0.130712,-0.208247,-1.01027
666.3,0.141908,-0.205833,-0.967196
666.35,0.149124,-0.203832,-0.939173
666.4,0.163816,-0.206347,-0.899794
666.45,0.174633,-0.209108,-0.874997
666.5,0.187947,-0.202951,-0.823763
666.55,0.216327,-0.203177,-0.754061
666.6,0.222651,-0.208612,-0.752858
666.65,0.270256,-0.202188,-0.642307
666.7,0.297642,-0.204304,-0.601548
666.75,0.330316,-0.211834,-0.570238
666.8,0.323249,-0.223941,-0.605866
666.85,0.34239,-0.231285,-0.594094
666.9,0.346064,-0.239211,-0.604817
666.95,0.334391,-0.241215,-0.624916
667,0.343132,-0.25155,-0.632597
667.05,0.342194,-0.256355,-0.642958
667.1,0.327427,-0.258198,-0.66773
667.15,0.342129,-0.269623,-0.667425
667.2,0.340573,-0.275403,-0.67999
667.25,0.335391,-0.27952,-0.694788
667.3,0.335507,-0.2854,-0.704872
667.35,0.317477,-0.279784,-0.722372
667.4,0.321533,-0.285812,-0.726651
667.45,0.316465,-0.288687,-0.739527
667.5,0.313308,-0.293965,-0.753556
667.55,0.297145,-0.28375,-0.762343
667.6,0.306906,-0.297346,-0.769578
667.65,0.302623,-0.296343,-0.774914
667.7,0.322442,-0.315041,-0.773788
667.75,0.338629,-0.325717,-0.765965
667.8,0.354982,-0.340903,-0.76517
667.85,0.380678,-0.357331,-0.753773
667.9,0.355927,-0.330945,-0.749044
667.95,-0.000188121,0.000358421,2.05413
668,-0.000175167,0.000374603,2.00819
668.05,-0.000163,0.000390632,1.9661
668.1,-0.000153513,0.000403229,1.93456
668.15,-0.000147254,0.000411113,1.91474
668.2,-0.000144432,0.000414389,1.90617
668.25,0.407375,-0.355736,-0.717832
668.3,0.379951,-0.345244,-0.737575
668.35,0.350114,-0.342759,-0.774784
668.4,0.333607,-0.344203,-0.80103
668.45,0.320225,-0.351806,-0.832357
668.5,0.340152,-0.379038,-0.839415
668.55,0.34354,-0.391284,-0.850281
668.6,0.373232,-0.418621,-0.842656
668.65,0.408209,-0.45244,-0.836746
668.7,-5.87764e-05,0.000486293,1.69108
668.75,-4.39416e-05,0.000501504,1.65819
668.8,-2.93351e-05,0.00051718,1.62746
668.85,-1.44098e-05,0.00053364,1.59779
668.9,1.66891e-06,0.00055081,1.56777
668.95,1.48839e-05,0.000563792,1.5444
669,2.44673e-05,0.000571919,1.52804
669.05,2.93011e-05,0.000574947,1.51988
669.1,0.379939,-0.419232,-0.834526
669.15,0.341424,-0.398249,-0.862073
669.2,0.304026,-0.378276,-0.893794
669.25,0.274338,-0.363621,-0.924446
669.3,0.264488,-0.374438,-0.955815
669.35,0.270452,-0.397976,-0.973915
669.4,0.27922,-0.419083,-0.983073
669.45,0.296901,-0.450906,-0.9885
669.5,0.322327,-0.478894,-0.978376
669.55,0.339261,-0.500478,-0.975075
669.6,0.000176613,0.000649409,1.30526
669.65,0.000204799,0.00066406,1.27165
669.7,0.000235268,0.000679462,1.23746
669.75,0.000268729,0.000695531,1.2021
669.8,0.00030448,0.000711544,1.16646
669.85,0.000340347,0.000726209,1.13253
669.9,0.000368381,0.000736346,1.10692
669.95,0.000386271,0.000741414,1.0905
670,0.332227,-0.494869,-0.979563
670.05,0.282498,-0.439299,-0.999311
670.1,0.263621,-0.424539,-1.01511
670.15,0.243222,-0.41528,-1.04097
670.2,0.237109,-0.439249,-1.07581
670.25,0.216951,-0.433937,-1.10718
670.3,0.214062,-0.447164,-1.12432
670.35,0.209289,-0.452379,-1.13748
670.4,0.231068,-0.508659,-1.1444
670.45,0.253732,-0.550953,-1.13922
670.5,0.278675,-0.593522,-1.13182
670.55,0.00102752,0.000872705,0.704107
670.6,0.00115666,0.00089853,0.660453
670.65,0.00129369,0.000925211,0.620836
670.7,0.00143392,0.000951372,0.585792
670.75,0.00157715,0.000977146,0.55468
670.8,0.00172399,0.00100289,0.526874
670.85,0.00184465,0.00102321,0.506436
670.9,0.00192901,0.00103682,0.493189
670.95,0.274773,-0.600355,-1.14157
671,0.201431,-0.462996,-1.16044
671.05,0.22781,-0.518947,-1.15714
671.1,0.205689,-0.502029,-1.18194
671.15,0.207665,-0.537007,-1.2018
671.2,0.190437,-0.530969,-1.22643
671.25,0.172679,-0.538519,-1.2605
671.3,0.161324,-0.545167,-1.28309
671.35,0.147558,-0.535876,-1.3021
671.4,0.154221,-0.575339,-1.3089
671.45,0.129559,-0.51942,-1.32635
671.5,0.159697,-0.634659,-1.32429
671.55,0.181601,-0.724302,-1.32513
671.6,0.00607473,0.00166616,0.267694
671.65,0.00689483,0.00178896,0.253866
671.7,0.00791525,0.00194336,0.240759
671.75,0.00887195,0.00209212,0.231583
671.8,0.00970974,0.00222859,0.225613
671.85,0.0103322,0.00233612,0.222362
671.9,0.0107431,0.00240835,0.22053
671.95,0.0109529,0.00244485,0.219614
672,0.011021,0.00245485,0.219165
672.05,0.0110857,0.00246418,0.218728
672.1,0.0111486,0.0024732,0.218305
672.15,0.0112092,0.00248185,0.217896
672.2,0.0112674,0.00249008,0.217504
672.25,0.0113227,0.00249787,0.21713
672.3,0.0113749,0.00250516,0.216775
672.35,0.0114237,0.00251192,0.216442
672.4,0.0114689,0.00251811,0.216131
672.45,0.0115101,0.0025237,0.215844
672.5,0.0115473,0.00252867,0.215581
672.55,0.0115801,0.00253298,0.215344
672.6,0.0116084,0.00253663,0.215134
672.65,0.0116322,0.00253959,0.214952
672.7,0.0116511,0.00254184,0.214798
672.75,0.0116652,0.00254339,0.214672
672.8,0.0116744,0.00254423,0.214576
672.85,0.0116788,0.00254436,0.21451
672.9,0.0116782,0.00254378,0.214473
672.95,0.0116728,0.00254252,0.214466
673,0.0116625,0.00254057,0.21449
673.05,0.0116476,0.00253796,0.214542
673.1,0.0116281,0.00253471,0.214624
673.15,0.0116041,0.00253084,0.214735
673.2,0.0115759,0.00252638,0.214875
673.25,0.0115436,0.00252135,0.215043
673.3,0.0115074,0.00251579,0.215237
673.35,0.0114675,0.00250973,0.215458
673.4,0.0114242,0.00250321,0.215705
673.45,0.0113777,0.00249625,0.215976
673.5,0.0113282,0.00248889,0.216271
673.55,0.011276,0.00248117,0.216588
673.6,0.0112213,0.00247312,0.216927
673.65,0.0111644,0.00246478,0.217286
673.7,0.0111054,0.00245618,0.217665
673.75,0.0110448,0.00244735,0.218061
673.8,0.0109759,0.00243691,0.21848
673.85,0.0108787,0.00242145,0.219016
673.9,0.0107926,0.00240833,0.21955
673.95,0.0107265,0.00239877,0.22001
674,0.0106598,0.00238914,0.220482
674.05,0.0105738,0.00237625,0.221057
674.1,0.0104269,0.00235347,0.221992
674.15,0.0102743,0.00233009,0.223016
674.2,0.00999027,0.00228584,0.224935
674.25,0.00935356,0.00218828,0.229818
674.3,0.00865416,0.00208359,0.236265
674.35,0.00803284,0.00199253,0.243141
674.4,0.00745091,0.00190871,0.250779
674.45,0.00690723,0.00183148,0.25919
674.5,0.00640022,0.0017602,0.268386
674.55,0.00592819,0.00169427,0.278378
674.6,0.00548945,0.00163316,0.289169
674.65,0.00508214,0.00157636,0.300766
674.7,0.00470451,0.00152341,0.313164
674.75,0.00435465,0.00147389,0.326362
674.8,0.00403075,0.00142742,0.340353
674.85,0.00373109,0.00138366,0.355124
674.9,0.00345395,0.00134229,0.370662
674.95,0.00319769,0.00130303,0.386946
675,0.00296074,0.00126562,0.403958
675.05,0.00274165,0.00122984,0.421669
675.1,0.00253913,0.0011955,0.440041
675.15,0.00235203,0.00116245,0.459024
675.2,0.00217943,0.00113056,0.478528
675.25,0.00201957,0.00109951,0.498553
675.3,0.00186621,0.001068,0.51979
675.35,0.156968,-0.188316,-0.875938
675.4,0.173788,-0.199395,-0.853908
675.45,0.196019,-0.216011,-0.833879
675.5,0.214238,-0.222514,-0.804347
675.55,0.175629,-0.182544,-0.804701
675.6,0.185305,-0.189605,-0.796868
675.65,0.177667,-0.181972,-0.797367
675.7,0.000635658,0.000764848,0.877383
675.75,0.000543774,0.00073774,0.935615
675.8,0.000462905,0.000712815,0.99484
675.85,0.000395067,0.000690723,1.05125
675.9,0.000331703,0.000667942,1.10987
675.95,0.174856,-0.176762,-0.790819
676,0.188814,-0.181119,-0.7646
676.05,0.210485,-0.193568,-0.743554
676.1,0.21103,-0.180985,-0.708905
676.15,0.195897,-0.168502,-0.710361
676.2,0.181511,-0.155453,-0.70822
676.25,0.172542,-0.14956,-0.714169
676.3,4.16765e-05,0.000514645,1.48999
676.35,1.83541e-05,0.000497677,1.53393
676.4,-3.52016e-06,0.000481794,1.5781
676.45,-0.00699583,-0.230736,-1.60111
676.5,-0.0122616,-0.23247,-1.62349
676.55,0.020841,-0.222824,-1.47754
676.6,0.0218428,-0.222692,-1.47302
676.65,-0.000567276,-0.233422,-1.57323
676.7,0.0096508,-0.237034,-1.5301
676.75,0.00270839,-0.238779,-1.55945
676.8,0.0049568,-0.240016,-1.55015
676.85,0.00811164,-0.235943,-1.53643
676.9,0.0108694,-0.236466,-1.52486
676.95,0.0173762,-0.234825,-1.49693
677,0.00999778,-0.234179,-1.52813
677.05,0.0129633,-0.238535,-1.5165
677.1,0.0155707,-0.239795,-1.50595
677.15,0.00976927,-0.240952,-1.53027
677.2,0.0074135,-0.237621,-1.53961
677.25,0.0231346,-0.23432,-1.47238
677.3,-0.00029404,0.000301913,2.34298
677.35,0.0386988,-0.235205,-1.40773
677.4,0.0184183,-0.2332,-1.49198
677.45,0.0134677,-0.22728,-1.51161
677.5,-0.000363334,0.00028292,2.47999
677.55,-0.000381455,0.000279175,2.5098
677.6,-0.000401164,0.000275882,2.53917
677.65,-0.000422215,0.00027225,2.56887
677.7,-0.00044407,0.000268568,2.59766
677.75,-0.0193764,-0.230394,-1.6547
677.8,-0.0414072,-0.221646,-1.75548
677.85,-0.0265086,-0.231897,-1.68461
677.9,-0.00834003,-0.233643,-1.60648
677.95,-0.00518005,-0.23522,-1.59281
678,-0.011916,-0.24123,-1.62015
678.05,-0.0128585,-0.229796,-1.62669
678.1,0.00253954,-0.23147,-1.55983
678.15,-0.00745026,-0.229498,-1.60325
678.2,-0.0443171,-0.221065,-1.76864
678.25,-0.0427167,-0.22399,-1.75924
678.3,-0.0547064,-0.223244,-1.81111
678.35,-0.127223,-0.211679,-2.11197
678.4,-0.117978,-0.208439,-2.08585
678.45,-0.121446,-0.211165,-2.09272
678.5,-0.117985,-0.213444,-2.07576
678.55,-0.114487,-0.216905,-2.05645
678.6,-0.113089,-0.201696,-2.08181
678.65,-0.000723984,0.000243898,2.81665
678.7,-0.000745625,0.000249159,2.8191
678.75,-0.000766491,0.000254668,2.82082
678.8,-0.000787695,0.000260716,2.82196
678.85,-0.000809537,0.000267549,2.8224
678.9,-0.000823474,0.00027158,2.82303
678.95,-0.000831027,0.000272989,2.8242
679,-0.000835674,0.000274738,2.82396
679.05,-0.000838789,0.000275869,2.82385
679.1,-0.000839515,0.000276124,2.82383
679.15,-0.000840592,0.000276622,2.82368
679.2,-0.000841447,0.000277062,2.8235
679.25,-0.000842016,0.000277408,2.82334
679.3,-0.000842107,0.000277473,2.8233
679.35,-0.000842182,0.000277537,2.82326
679.4,-0.000842252,0.000277607,2.82321
679.45,-0.000842317,0.000277681,2.82315
679.5,-0.000842376,0.000277761,2.82308
679.55,-0.000842429,0.000277845,2.82301
679.6,-0.000842475,0.000277933,2.82293
679.65,-0.000842515,0.000278024,2.82285
679.7,-0.000842547,0.000278118,2.82276
679.75,-0.000842572,0.000278213,2.82267
679.8,-0.000842591,0.000278311,2.82257
679.85,-0.000842602,0.000278409,2.82247
679.9,-0.000842606,0.000278508,2.82237
679.95,-0.000842603,0.000278607,2.82226
680,-0.000842592,0.000278706,2.82215
680.05,-0.000842575,0.000278804,2.82204
680.1,-0.000842552,0.0002789,2.82193
680.15,-0.000842522,0.000278995,2.82182
680.2,-0.000842485,0.000279087,2.8217
680.25,-0.000842443,0.000279176,2.82159
680.3,-0.000842395,0.000279263,2.82148
680.35,-0.000842341,0.000279346,2.82138
680.4,-0.000842283,0.000279426,2.82127
680.45,-0.000842219,0.000279502,2.82117
680.5,-0.000842151,0.000279573,2.82106
680.55,0.215874,-0.104661,-0.451434
680.6,0.20897,-0.101186,-0.450936
680.65,0.210503,-0.103879,-0.458416
680.7,0.206813,-0.111681,-0.49514
680.75,0.217861,-0.122504,-0.512241
680.8,0.211147,-0.126668,-0.540349
680.85,0.213594,-0.132545,-0.555389
680.9,0.211987,-0.132225,-0.557694
680.95,0.209409,-0.134197,-0.569905
681,0.207913,-0.136465,-0.58083
681.05,0.20733,-0.141716,-0.599587
681.1,0.202651,-0.144185,-0.618399
681.15,0.201568,-0.146609,-0.628843
681.2,0.201442,-0.147131,-0.630831
681.25,0.209286,-0.153391,-0.632485
681.3,0.191115,-0.142984,-0.642319
681.35,0.197656,-0.153405,-0.660008
681.4,0.199414,-0.15244,-0.652679
681.45,0.187821,-0.151423,-0.678517
681.5,0.1922,-0.160759,-0.696554
681.55,0.190426,-0.158441,-0.693972
681.6,0.182746,-0.156565,-0.708392
681.65,0.17957,-0.153265,-0.706527
681.7,-0.000518871,0.000571961,2.30756
681.75,-0.000505272,0.00058991,2.27907
681.8,-0.000492865,0.000606879,2.25289
681.85,-0.000482555,0.00062082,2.23153
681.9,-0.000475382,0.000629924,2.21728
681.95,0.194286,-0.157689,-0.681795
682,0.182726,-0.149885,-0.686982
682.05,0.195958,-0.165801,-0.70223
682.1,0.195706,-0.17078,-0.717489
682.15,0.194977,-0.180436,-0.746682
682.2,0.186456,-0.182403,-0.774408
682.25,0.185074,-0.184415,-0.783614
682.3,0.183099,-0.185719,-0.792502
682.35,0.183145,-0.190168,-0.804207
682.4,0.175922,-0.184595,-0.809451
682.45,-0.000371303,0.000725599,2.04378
682.5,-0.000355202,0.000742683,2.01691
682.55,-0.00034058,0.000758779,1.9927
682.6,-0.000328707,0.000771802,1.97343
682.65,-0.000319181,0.000781858,1.95838
682.7,0.188679,-0.188372,-0.784585
682.75,0.180083,-0.182565,-0.792241
682.8,0.180877,-0.188827,-0.8069
682.85,0.18151,-0.199085,-0.831545
682.9,0.177668,-0.204512,-0.855524
682.95,0.172983,-0.211458,-0.885147
683,0.172931,-0.217518,-0.899099
683.05,0.1691,-0.217979,-0.91101
683.1,0.178696,-0.226644,-0.903142
683.15,-0.000214208,0.000864469,1.8137
683.2,-0.000196467,0.000880538,1.79032
683.278,-0.000180254,0.000895542,1.76942
683.3,-0.000165953,0.000909083,1.75136
683.35,-0.000151975,0.000922194,1.73413
683.406,-0.000138556,0.000934325,1.71802
683.471,-0.000128649,0.000942377,1.70647
683.5,0.198842,-0.250409,-0.899681
683.561,0.171491,-0.23257,-0.935426
683.6,0.186294,-0.239704,-0.910121
683.65,0.169449,-0.230707,-0.937304
683.7,0.171446,-0.248291,-0.966472
683.75,0.159442,-0.241807,-0.987857
683.819,0.149333,-0.232712,-1.00027
683.85,0.153098,-0.250057,-1.02142
683.9,0.150874,-0.251571,-1.03058
683.95,-1.37586e-05,0.00100689,1.58446
684,5.13907e-06,0.0010188,1.56575
684.05,2.3617e-05,0.00103089,1.54789
684.1,3.87122e-05,0.00104079,1.53362
684.15,4.95075e-05,0.00104786,1.52359
684.2,0.156633,-0.236344,-0.98552
684.25,0.158725,-0.248002,-1.00147
684.3,0.155945,-0.247094,-1.00781
684.35,0.151163,-0.259435,-1.04322
684.4,0.151702,-0.272527,-1.06286
684.45,0.136186,-0.265951,-1.09754
684.5,0.139725,-0.281787,-1.11047
684.55,0.141181,-0.286991,-1.11362
684.6,0.000180155,0.00110141,1.40866
684.65,0.000208268,0.00111351,1.3859
684.7,0.000235604,0.00112517,1.36438
684.75,0.000261282,0.00113608,1.34474
684.8,0.000280348,0.00114403,1.33048
684.85,0.000293941,0.00114928,1.3204
684.9,0.16043,-0.305871,-1.08774
684.95,0.145387,-0.278441,-1.08959
685,0.15363,-0.299034,-1.09621
685.05,0.144118,-0.302492,-1.12618
685.1,0.131686,-0.295464,-1.15153
685.15,0.123364,-0.297109,-1.17724
685.2,0.112471,-0.291211,-1.20223
685.25,0.109587,-0.295454,-1.21562
685.3,0.108154,-0.297058,-1.22163
685.35,0.123847,-0.340159,-1.22163
685.4,0.000636207,0.00120321,1.08441
685.45,0.000683929,0.00121223,1.05712
685.5,0.000734352,0.00122162,1.02955
685.55,0.000789242,0.0012314,1.00082
685.6,0.000859794,0.00124195,0.96526
685.65,0.000949051,0.00125232,0.922299
685.7,0.00105075,0.00126119,0.876174
685.75,0.00114469,0.00126781,0.836389
685.8,0.118777,-0.316827,-1.21212
685.85,0.128319,-0.331033,-1.201
685.9,0.133225,-0.350847,-1.20789
685.95,0.125131,-0.357421,-1.23404
686,0.102522,-0.323987,-1.26433
686.05,0.101826,-0.343971,-1.28299
686.1,0.0975046,-0.351592,-1.30027
686.15,0.0896558,-0.356004,-1.32409
686.2,0.082122,-0.353548,-1.34256
686.25,0.0824677,-0.366645,-1.34955
686.3,0.0796386,-0.367654,-1.35748
686.35,0.0764946,-0.367071,-1.36534
686.4,0.0812518,-0.390072,-1.36543
686.45,0.00365413,0.0013934,0.364301
686.5,0.00423832,0.0014225,0.323816
686.55,0.00491368,0.00145563,0.288004
686.6,0.00567826,0.00149288,0.257094
686.65,0.00641676,0.00152666,0.233575
686.7,0.00699068,0.00155287,0.218585
686.75,0.00733623,0.00156842,0.210621
686.8,0.00752512,0.00157624,0.206478
686.85,0.00760391,0.00157931,0.204786
686.9,0.00767953,0.00158229,0.203196
686.95,0.00774068,0.00158563,0.202049
687,0.00776332,0.00158673,0.201611
687.05,0.00786228,0.00158826,0.199327
687.1,0.0082029,0.00159754,0.192345
687.15,0.00865398,0.00161114,0.184066
687.2,0.00923208,0.00162937,0.174692
687.25,0.00992851,0.00165325,0.165001
687.3,0.0106797,0.00168048,0.156074
687.35,0.0114843,0.00171138,0.14793
687.4,0.0123454,0.00174651,0.140538
687.45,0.0132637,0.0017864,0.133877
687.5,0.0142416,0.00183169,0.127913
687.55,0.0152862,0.00188203,0.122503
687.6,0.0162958,0.00192956,0.117859
687.65,0.016912,0.0019542,0.115041
687.7,0.0172441,0.00196693,0.113573
687.75,0.0173924,0.00196881,0.11272
687.8,0.01747,0.00196629,0.112081
687.85,0.0175401,0.00196383,0.111498
687.9,0.017602,0.00196148,0.110977
687.95,0.0176552,0.00195923,0.11052
688,0.0176969,0.00195635,0.110101
688.05,0.0177316,0.00195436,0.109776
688.1,0.0177568,0.00195252,0.109519
688.15,0.0177721,0.00195082,0.109331
688.2,0.0177776,0.00194926,0.109211
688.25,0.0177731,0.00194786,0.10916
688.3,0.0177586,0.00194659,0.109178
688.35,0.0177343,0.00194546,0.109263
688.4,0.0177003,0.00194446,0.109416
688.45,0.0176568,0.00194357,0.109634
688.5,0.0176039,0.00194278,0.109916
688.55,0.0175422,0.00194207,0.11026
688.6,0.0174718,0.00194143,0.110664
688.65,0.0173933,0.00194085,0.111126
688.7,0.017307,0.00194029,0.111644
688.75,0.0172134,0.00193976,0.112215
688.8,0.0171131,0.00193922,0.112836
688.85,0.0170065,0.00193866,0.113505
688.9,0.0168942,0.00193807,0.114219
688.95,0.0167767,0.00193743,0.114974
689,0.0166547,0.00193673,0.115767
689.05,0.0165285,0.00193596,0.116597
689.1,0.0163988,0.00193511,0.11746
689.15,0.0162661,0.00193416,0.118352
689.2,0.0161308,0.00193312,0.119271
689.25,0.0157223,0.00191643,0.121295
689.3,0.014725,0.00187197,0.12645
689.35,0.0136081,0.0018252,0.13333
689.4,0.0125483,0.00178392,0.141218
689.45,0.0115617,0.00174783,0.150039
689.5,0.0106458,0.0017161,0.159825
689.55,0.00979719,0.00168799,0.170618
689.6,0.0090123,0.0016629,0.182462
689.65,0.00828741,0.00164028,0.195398
689.7,0.00761878,0.00161964,0.209468
689.75,0.00700271,0.0016006,0.224709
689.8,0.0064356,0.0015828,0.241158
689.85,0.00591395,0.00156594,0.258847
689.9,0.00543441,0.00154978,0.277805
689.95,0.00499378,0.00153411,0.298053
690,0.00458905,0.00151876,0.319607
690.05,0.00421737,0.00150358,0.342472
690.1,0.00387606,0.00148845,0.366648
690.15,0.00356262,0.00147328,0.392123
690.2,0.00327476,0.00145799,0.418872
690.25,0.00301034,0.00144252,0.446861
690.3,0.00276737,0.00142681,0.476037
690.35,0.00254406,0.00141083,0.506336
690.4,0.0023388,0.00139455,0.537669
690.45,0.00215013,0.00137795,0.569927
690.5,0.00197673,0.00136102,0.602982
690.55,0.00181749,0.00134375,0.636648
690.6,0.00166833,0.00132575,0.671476
690.65,0.00148691,0.00130186,0.719138
690.7,0.00128766,0.00127391,0.780034
690.75,0.00110443,0.00124631,0.84568
690.8,0.168087,-0.171869,-0.796522
690.85,0.177334,-0.179269,-0.790822
690.9,0.194609,-0.184632,-0.759096
690.95,0.202544,-0.184023,-0.737523
691,0.208758,-0.184728,-0.724404
691.05,0.185924,-0.164125,-0.723205
691.1,0.190298,-0.162759,-0.707555
691.15,0.178295,-0.155607,-0.717553
691.2,0.000213554,0.00104605,1.36941
691.25,0.00016121,0.00102748,1.41517
691.3,0.000115529,0.00101017,1.45693
691.35,8.26632e-05,0.000997866,1.48815
691.4,6.13483e-05,0.000991225,1.50898
691.45,0.173357,-0.151921,-0.719592
691.5,0.197597,-0.171414,-0.714562
691.55,0.211545,-0.177968,-0.699407
691.6,0.217122,-0.177256,-0.684655
691.65,0.211432,-0.165875,-0.665237
691.7,0.215509,-0.161396,-0.642801
691.75,0.213488,-0.155691,-0.630103
691.8,0.195641,-0.145509,-0.639491
691.85,0.189894,-0.13858,-0.630431
691.9,0.180864,-0.136613,-0.646908
691.95,-0.000120786,0.000864931,1.70955
692,-0.000140609,0.000848297,1.73506
692.05,-0.00015899,0.000832513,1.7595
692.1,-0.000173519,0.000819872,1.77936
692.15,-0.000179855,0.000814504,1.78812
692.2,-0.000181748,0.000813345,1.79064
692.25,0.19962,-0.148289,-0.638914
692.3,0.219291,-0.157432,-0.622649
692.35,0.236169,-0.16125,-0.59907
692.4,0.24564,-0.163545,-0.587395
692.45,0.231061,-0.149629,-0.574668
692.5,0.233084,-0.146172,-0.560122
692.55,0.235147,-0.143741,-0.548673
692.6,0.213173,-0.134189,-0.561818
692.65,0.191911,-0.125,-0.57732
692.7,-0.000256844,0.00071033,1.91775
692.75,-0.000270299,0.000693252,1.94257
692.8,-0.00028372,0.00067647,1.96793
692.85,-0.000294632,0.000662702,1.98914
692.9,-0.000299757,0.000655768,1.99955
692.95,-0.000301304,0.000653676,2.00271
693,0.199015,-0.131267,-0.583082
693.05,0.223081,-0.138914,-0.556946
693.1,0.22702,-0.136002,-0.539739
693.15,0.242701,-0.1383,-0.517945
693.2,0.236521,-0.128781,-0.498596
693.25,0.23728,-0.126029,-0.488248
693.3,0.217603,-0.116892,-0.492946
693.35,0.201158,-0.11264,-0.510456
693.4,0.210776,-0.120344,-0.518792
693.45,-0.000364636,0.000544389,2.16097
693.5,-0.000376571,0.000527122,2.19111
693.55,-0.000388733,0.000510124,2.22196
693.6,-0.000398675,0.000496218,2.24762
693.65,-0.000404374,0.000487783,2.26297
693.7,-0.000222512,-0.234258,-1.57175
693.75,-0.0187692,-0.23229,-1.65142
693.8,0.029312,-0.212956,-1.43401
693.85,0.0260889,-0.21277,-1.44879
693.9,0.00809255,-0.233134,-1.5361
693.95,0.00179798,-0.237621,-1.56323
694,-0.000505117,-0.238309,-1.57292
694.05,0.0079277,-0.238921,-1.53763
694.1,0.0152142,-0.24523,-1.50884
694.15,0.0244408,-0.24116,-1.46979
694.2,0.0168572,-0.241627,-1.50114
694.25,0.0110059,-0.243636,-1.52565
694.3,0.0117251,-0.242069,-1.5224
694.35,-0.00264368,-0.233025,-1.58214
694.4,0.0156824,-0.237933,-1.50498
694.45,-0.0608442,-0.226539,-1.83319
694.5,-0.0475673,-0.223902,-1.78013
694.55,-0.0641383,-0.215141,-1.86053
694.6,-0.124888,-0.204495,-2.11906
694.65,-0.117482,-0.204938,-2.09132
694.7,-0.120297,-0.223426,-2.0647
694.75,-0.116733,-0.217226,-2.0639
694.8,-0.116137,-0.222372,-2.0521
694.85,-0.109173,-0.214776,-2.04107
694.9,-0.110864,-0.219499,-2.0385
694.95,-0.105845,-0.215654,-2.02706
695,-0.000750334,0.000315549,2.7435
695.05,-0.000772271,0.000319291,2.74955
695.1,-0.000793244,0.00032323,2.75466
695.15,-0.000814605,0.00032775,2.75907
695.2,-0.000836745,0.000333441,2.76238
695.25,-0.00085815,0.000339025,2.76535
695.3,-0.00087267,0.000342507,2.76758
695.35,-0.102792,-0.206863,-2.03197
695.4,-0.10845,-0.206694,-2.054
695.45,-0.115255,-0.208772,-2.07522
695.5,-0.10813,-0.219102,-2.02924
695.55,-0.104947,-0.219519,-2.01675
695.6,-0.103046,-0.213442,-2.02058
695.65,-0.0948718,-0.212804,-1.99017
695.7,-0.0899695,-0.216784,-1.96418
695.75,-0.084014,-0.219549,-1.93627
695.8,-0.000926842,0.000352237,2.77841
695.85,-0.000944121,0.000356856,2.78021
695.9,-0.000961617,0.000362016,2.78154
695.95,-0.000979788,0.000368011,2.78229
696,-0.000998444,0.000374623,2.78264
696.05,-0.00101322,0.000379221,2.78346
696.1,-0.00102269,0.000381416,2.78462
696.15,-0.00102792,0.00038306,2.78488
696.2,-0.00103116,0.000384299,2.78485
696.25,-0.00103265,0.000384298,2.78533
696.3,-0.00103258,0.000384285,2.78532
696.35,-0.00103336,0.000384709,2.7852
696.4,-0.00103389,0.000385044,2.78508
696.45,-0.00103424,0.00038531,2.78497
696.5,-0.00103435,0.000385409,2.78492
696.55,-0.00103444,0.000385498,2.78487
696.6,-0.00103451,0.000385594,2.78481
696.65,-0.00103458,0.000385696,2.78475
696.7,-0.00103464,0.000385803,2.78468
696.75,-0.00103469,0.000385915,2.7846
696.8,-0.00103473,0.000386031,2.78451
696.85,-0.00103476,0.00038615,2.78442
696.9,-0.00103479,0.000386271,2.78433
696.95,-0.0010348,0.000386393,2.78423
697,-0.0010348,0.000386516,2.78412
697.05,-0.0010348,0.000386639,2.78402
697.1,-0.00103478,0.000386762,2.78391
697.15,-0.00103476,0.000386883,2.7838
697.2,-0.00103472,0.000387001,2.78369
697.25,-0.00103468,0.000387117,2.78357
697.3,-0.00103463,0.00038723,2.78346
697.35,-0.00103457,0.000387339,2.78335
697.4,-0.00103451,0.000387444,2.78324
697.45,-0.00103444,0.000387543,2.78314
697.5,-0.00103436,0.000387638,2.78303
697.55,-0.00103427,0.000387727,2.78293
697.6,-0.00103418,0.00038781,2.78283
697.65,-0.00103409,0.000387888,2.78273
697.7,-0.00103399,0.000387958,2.78264
697.75,-0.00103388,0.000388023,2.78255
697.8,-0.00103377,0.00038808,2.78247
697.85,-0.00103366,0.000388131,2.78239
697.9,-0.00103354,0.000388175,2.78232
697.95,-0.00103343,0.000388212,2.78225
698,-0.00103331,0.000388242,2.78218
698.05,-0.00103319,0.000388265,2.78213
698.1,-0.00103307,0.000388281,2.78207
698.15,-0.00103294,0.000388291,2.78203
698.2,-0.00103282,0.000388294,2.78199
698.25,-0.0010327,0.00038829,2.78195
698.3,-0.00102807,0.000387698,2.78097
698.35,0.21889,-0.0857992,-0.373569
698.4,0.224892,-0.0865387,-0.367336
698.45,0.237014,-0.0927769,-0.373106
698.5,0.246443,-0.0969046,-0.374642
698.55,0.234187,-0.100418,-0.40508
698.6,0.242556,-0.109602,-0.424402
698.65,0.236027,-0.11199,-0.443024
698.7,0.25013,-0.119407,-0.445388
698.75,0.254803,-0.133493,-0.482591
698.8,0.258188,-0.142895,-0.50549
698.85,0.260377,-0.149815,-0.522118
698.9,0.261086,-0.153597,-0.531772
698.95,0.2627,-0.16079,-0.549245
699,0.278382,-0.17129,-0.551597
699.05,0.276642,-0.175814,-0.566135
699.1,0.284006,-0.184748,-0.576732
699.15,0.276572,-0.189585,-0.600916
699.2,0.291944,-0.200768,-0.602418
699.25,0.288509,-0.206209,-0.620551
699.3,0.274093,-0.208516,-0.650345
699.35,0.292001,-0.219924,-0.645521
699.4,0.282833,-0.220215,-0.661559
699.45,0.283277,-0.228308,-0.678361
699.5,0.285565,-0.230981,-0.680117
699.55,0.281224,-0.235204,-0.69652
699.6,0.284384,-0.246582,-0.714323
699.65,0.277929,-0.245569,-0.72366
699.7,0.289548,-0.257519,-0.726917
699.75,0.277507,-0.254565,-0.742306
699.8,0.270407,-0.25666,-0.759322
699.85,0.269565,-0.261338,-0.769904
699.9,0.268886,-0.264854,-0.777843
699.95,0.271345,-0.273485,-0.789326
700,0.251038,-0.259099,-0.801198
700.05,0.257089,-0.266062,-0.802549
700.1,0.257699,-0.273274,-0.814722
700.15,0.246547,-0.270499,-0.831689
700.2,0.259219,-0.278777,-0.821736
700.25,0.287852,-0.307139,-0.817803
700.3,0.284409,-0.300703,-0.813239
700.35,-0.000203956,0.000538922,1.93259
700.4,-0.000186395,0.000556047,1.89424
700.45,-0.000169447,0.000572963,1.85834
700.5,-0.00015424,0.000588199,1.82725
700.55,-0.000141597,0.000600324,1.80243
700.6,-0.000132788,0.000608011,1.78582
700.65,-0.000129233,0.000610591,1.77937
700.7,0.311161,-0.312014,-0.786767
700.75,0.265706,-0.281864,-0.8149
700.8,0.242711,-0.269493,-0.837638
700.85,0.233861,-0.277822,-0.871102
700.9,0.23307,-0.28709,-0.88888
700.95,0.233949,-0.303055,-0.913383
701,0.255952,-0.332892,-0.915324
701.05,0.272055,-0.347991,-0.907259
701.1,0.271601,-0.343844,-0.902247
701.15,1.37472e-05,0.000689256,1.55085
701.2,4.09571e-05,0.00070632,1.51287
701.25,6.73263e-05,0.000723224,1.47797
701.3,9.11979e-05,0.000738675,1.44796
701.35,0.000114002,0.000753252,1.42059
701.4,0.000135897,0.000766615,1.39535
701.45,0.000155752,0.000776022,1.37272
701.5,0.000172412,0.000781119,1.35355
701.55,0.286354,-0.351213,-0.886778
701.6,0.248647,-0.327637,-0.921616
701.65,0.231343,-0.314465,-0.936528
701.7,0.230655,-0.336168,-0.96944
701.75,0.209797,-0.327091,-1.00049
701.8,0.206905,-0.341536,-1.02612
701.85,0.212064,-0.35949,-1.03783
701.9,0.230776,-0.395432,-1.04252
701.95,0.251348,-0.417587,-1.02898
702,0.000783794,0.000928704,0.869816
702.05,0.000932624,0.000963781,0.801826
702.1,0.00109367,0.00100018,0.740777
702.15,0.00126837,0.00103826,0.685965
702.2,0.00143002,0.0010729,0.643674
702.25,0.0015813,0.00110405,0.609513
702.3,0.0016922,0.00112575,0.587029
702.35,0.00175159,0.00113713,0.575811
702.4,0.255319,-0.424909,-1.02973
702.45,0.233308,-0.395632,-1.03798
702.5,0.205054,-0.364852,-1.05877
702.55,0.204151,-0.383588,-1.08171
702.6,0.183988,-0.375551,-1.11525
702.65,0.174647,-0.377031,-1.13701
702.7,0.173399,-0.394263,-1.15645
702.75,0.192502,-0.447577,-1.16462
702.8,0.220056,-0.495304,-1.15271
702.85,0.00327684,0.00139421,0.402272
702.9,0.00385554,0.00148692,0.368081
702.95,0.00447514,0.00158516,0.340425
703,0.00503153,0.00167432,0.321241
703.05,0.00553994,0.00175814,0.307303
703.1,0.00600508,0.00183625,0.296753
703.15,0.00645951,0.00191255,0.287858
703.2,0.00689023,0.00198408,0.280371
703.25,0.00726014,0.0020448,0.274536
703.3,0.00751766,0.00208656,0.27074
703.35,0.00775453,0.00212574,0.267556
703.4,0.00796989,0.00215821,0.264453
703.45,0.00836264,0.00221557,0.258986
703.5,0.00898101,0.00230793,0.251536
703.55,0.00969978,0.00241646,0.244155
703.6,0.0104715,0.00253401,0.237427
703.65,0.011298,0.00266114,0.231324
703.7,0.0121831,0.00279875,0.225807
703.75,0.0131282,0.00294743,0.22085
703.8,0.0141605,0.00311231,0.216348
703.85,0.0153239,0.00329764,0.211964
703.9,0.0163508,0.00346156,0.208626
703.95,0.0170535,0.00357202,0.206475
704,0.0177521,0.00368285,0.204558
704.05,0.0184433,0.00379375,0.202869
704.1,0.0191151,0.00389939,0.201234
704.15,0.0194116,0.00393983,0.200243
704.2,0.0194856,0.00394271,0.199644
704.25,0.0195523,0.0039451,0.199099
704.3,0.0196096,0.00394684,0.198618
704.35,0.0196572,0.00394791,0.198202
704.4,0.0196947,0.00394831,0.197853
704.45,0.019722,0.00394802,0.197572
704.5,0.0197386,0.00394702,0.197361
704.55,0.0197446,0.00394529,0.197219
704.6,0.0197398,0.00394283,0.197146
704.65,0.0197241,0.00393961,0.197142
704.7,0.0196976,0.00393564,0.197206
704.75,0.0196603,0.00393089,0.197338
704.8,0.0196124,0.00392536,0.197536
704.85,0.0195542,0.00391904,0.197799
704.9,0.0194858,0.00391192,0.198124
704.95,0.0194076,0.003904,0.198509
705,0.01932,0.00389528,0.198952
705.05,0.0192234,0.00388577,0.19945
705.1,0.0191182,0.00387548,0.200001
705.15,0.019005,0.00386441,0.200602
705.2,0.0188842,0.00385259,0.201249
705.25,0.0187565,0.00384002,0.20194
705.3,0.0186223,0.00382674,0.202671
705.35,0.0181556,0.00375475,0.203934
705.4,0.0170486,0.00357601,0.206756
705.45,0.0159077,0.00339546,0.210292
705.5,0.014801,0.00322398,0.214472
705.55,0.0137525,0.00306432,0.219238
705.6,0.0127626,0.00291575,0.224606
705.65,0.0118311,0.00277758,0.230594
705.7,0.0109312,0.0026453,0.237431
705.75,0.0100657,0.00251893,0.245212
705.8,0.00923512,0.0023976,0.25401
705.85,0.00847019,0.00228594,0.263601
705.9,0.00776425,0.00218267,0.274045
705.95,0.0071133,0.00208695,0.285379
706,0.00651319,0.00199802,0.297652
706.05,0.00596086,0.00191533,0.310898
706.1,0.00545243,0.00183821,0.325169
706.15,0.00498506,0.00176621,0.340501
706.2,0.00455525,0.00169878,0.356953
706.25,0.00416044,0.00163554,0.374558
706.3,0.00379751,0.00157602,0.393382
706.35,0.0034642,0.00151991,0.413459
706.4,0.0031578,0.00146684,0.434857
706.45,0.00287631,0.00141653,0.457616
706.5,0.00261747,0.00136869,0.481803
706.55,0.00237954,0.00132308,0.507456
706.6,0.00216062,0.00127947,0.534648
706.65,0.00195942,0.00123771,0.563381
706.7,0.00177427,0.00119757,0.593728
706.75,0.00160339,0.00115882,0.62582
706.8,0.00144599,0.00112138,0.659629
706.85,0.00130105,0.00108514,0.695161
706.9,0.00116768,0.00105,0.732382
706.95,0.00104593,0.00101613,0.770947
707,0.000935159,0.000983546,0.810611
707.05,0.000826703,0.000949917,0.85464
707.1,0.000706528,0.000911698,0.911512
707.15,0.000576753,0.000869763,0.985256
707.2,0.00044563,0.00082626,1.07618
707.25,0.000330128,0.0007858,1.17307
707.3,0.204388,-0.12014,-0.531404
707.35,0.220098,-0.12693,-0.523109
707.4,0.222494,-0.122626,-0.50372
707.45,0.23603,-0.119082,-0.467259
707.5,0.226115,-0.113172,-0.464053
707.55,0.20655,-0.104983,-0.470243
707.6,0.131848,-0.153078,-0.859771
707.65,0.012509,-0.241428,-1.51903
707.7,0.00318983,-0.245728,-1.55782
707.75,0.00400793,-0.244687,-1.55442
707.8,0.00849193,-0.247558,-1.53651
707.85,0.00418818,-0.251906,-1.55417
707.9,0.00730725,-0.250281,-1.54161
707.95,0.0120329,-0.251069,-1.52291
708,0.000894176,-0.257404,-1.56732
708.05,-0.000779286,-0.251502,-1.57389
708.1,-0.00441061,-0.252135,-1.58829
708.15,-0.00834385,-0.250962,-1.60403
708.2,-0.0184557,-0.253274,-1.64354
708.25,-0.0128984,-0.255576,-1.62122
708.3,-0.0130734,-0.2553,-1.62196
708.35,-0.0193726,-0.254738,-1.6467
708.4,-0.0249268,-0.251636,-1.66953
708.45,-0.0205515,-0.247543,-1.65363
708.5,-0.0272786,-0.252797,-1.67829
708.55,-0.0255861,-0.252508,-1.67178
708.6,-0.0416346,-0.251874,-1.73461
708.65,-0.0432163,-0.251171,-1.74119
708.7,-0.0492151,-0.251366,-1.76414
708.75,-0.0460229,-0.245577,-1.75605
708.8,-0.0487022,-0.247329,-1.76522
708.85,-0.0878447,-0.254465,-1.9032
708.9,-0.0949813,-0.250307,-1.93347
708.95,-0.122378,-0.259698,-2.01116
709,-0.132011,-0.264504,-2.03372
709.05,-0.124794,-0.263096,-2.0137
709.1,-0.120691,-0.263868,-1.99978
709.15,-0.111626,-0.250961,-1.98931
709.2,-0.104275,-0.248978,-1.96741
709.25,-0.102522,-0.254722,-1.95344
709.3,-0.0992013,-0.249885,-1.9487
709.35,-0.0921103,-0.233767,-1.94614
709.4,-0.0829395,-0.213867,-1.94075
709.45,-0.00108232,0.000246779,2.91742
709.5,-0.00110195,0.00025705,2.91242
709.55,-0.00111692,0.000265726,2.90802
709.6,-0.00112519,0.000271146,2.90512
709.65,-0.00112941,0.000274318,2.90332
709.7,-0.00113094,0.000275643,2.90253
709.75,-0.00113109,0.000275779,2.90244
709.8,-0.00113119,0.000275876,2.90238
709.85,-0.00113127,0.00027598,2.90231
709.9,-0.00113135,0.000276089,2.90224
709.95,-0.00113141,0.000276203,2.90215
710,-0.00113147,0.000276322,2.90207
710.05,-0.00113152,0.000276444,2.90197
710.1,-0.00113155,0.00027657,2.90188
710.15,-0.00113157,0.000276697,2.90177
710.2,-0.00113159,0.000276826,2.90167
710.25,-0.00113159,0.000276956,2.90156
710.3,-0.00113159,0.000277085,2.90145
710.35,-0.00113158,0.000277214,2.90134
710.4,-0.00113156,0.000277341,2.90123
710.45,-0.00113153,0.000277466,2.90112
710.5,-0.00113149,0.000277589,2.90101
710.55,-0.00113145,0.000277709,2.90091
710.6,-0.0011314,0.000277826,2.9008
710.65,-0.00113134,0.000277939,2.90069
710.7,-0.00113127,0.000278048,2.90059
710.75,-0.00113119,0.000278152,2.90048
710.8,-0.00113111,0.000278251,2.90038
710.85,-0.00113102,0.000278345,2.90029
710.9,-0.00113093,0.000278433,2.90019
710.95,-0.00113083,0.000278516,2.90011
711,-0.00113072,0.000278592,2.90002
711.05,-0.00113062,0.000278662,2.89994
711.1,-0.00113051,0.000278726,2.89986
711.15,-0.00113039,0.000278784,2.89979
711.2,-0.00113027,0.000278835,2.89973
711.25,-0.00113015,0.000278879,2.89966
711.3,-0.00113003,0.000278917,2.89961
711.35,-0.0011299,0.000278949,2.89955
711.4,-0.00112978,0.000278974,2.89951
711.45,-0.00112965,0.000278992,2.89947
711.5,-0.00112952,0.000279005,2.89943
711.55,-0.00112539,0.000279333,2.8983
711.6,-0.00111159,0.000279312,2.89542
711.65,-0.00109226,0.000278444,2.89198
711.7,-0.00107212,0.0002766,2.8891
711.75,0.239023,-0.0788724,-0.318728
711.8,0.123495,-0.159257,-0.911211
711.85,0.0820894,-0.18332,-1.14978
711.9,0.11581,-0.163497,-0.9545
711.95,0.0939494,-0.183592,-1.09781
712,0.106282,-0.176754,-1.02942
712.05,0.111078,-0.179047,-1.01552
712.1,0.102873,-0.190537,-1.07573
712.15,0.10526,-0.189965,-1.06481
712.2,0.160341,-0.17213,-0.820843
712.25,0.158336,-0.178389,-0.844884
712.3,0.213768,-0.159952,-0.64238
712.35,0.213556,-0.172553,-0.679599
712.4,0.247065,-0.169169,-0.600392
712.45,0.26188,-0.170058,-0.575936
712.5,0.291731,-0.175516,-0.541623
712.55,0.291925,-0.178346,-0.548418
712.6,0.295827,-0.186708,-0.563003
712.65,0.285242,-0.187818,-0.582293
712.7,0.291188,-0.196957,-0.594706
712.75,0.28919,-0.200444,-0.606096
712.8,0.280538,-0.202261,-0.624665
712.85,0.289797,-0.2117,-0.630911
712.9,0.28374,-0.212606,-0.643052
712.95,0.289785,-0.220107,-0.649588
713,0.283622,-0.221486,-0.662997
713.05,0.27656,-0.221634,-0.675591
713.1,0.271541,-0.223915,-0.689567
713.15,0.273904,-0.228855,-0.696034
713.2,0.265988,-0.228325,-0.709354
713.25,0.264308,-0.233248,-0.723053
713.3,0.263853,-0.233833,-0.725153
713.35,0.265438,-0.2376,-0.730115
713.4,0.253442,-0.23287,-0.743123
713.45,0.251794,-0.235672,-0.752338
713.5,0.244198,-0.232571,-0.761017
713.55,0.269737,-0.248948,-0.74534
713.6,0.273525,-0.248972,-0.73844
713.65,0.296129,-0.265348,-0.730631
713.7,-0.000333516,0.000430557,2.22987
713.75,-0.000321346,0.00044682,2.19428
713.8,-0.000309971,0.000463022,2.16072
713.85,-0.000300057,0.00047746,2.13187
713.9,-0.000293939,0.000485979,2.11477
713.95,-0.000291311,0.000489392,2.10772
714,0.303102,-0.246055,-0.681889
714.05,0.29875,-0.253478,-0.7036
714.1,0.28041,-0.253649,-0.73533
714.15,0.273753,-0.257592,-0.754991
714.2,0.25748,-0.259313,-0.788945
714.25,0.270553,-0.276862,-0.796922
714.3,0.281578,-0.289827,-0.799835
714.35,0.293553,-0.302935,-0.801126
714.4,-0.000237652,0.000542594,1.98362
714.45,-0.000224578,0.000558106,1.95336
714.5,-0.000211791,0.000574084,1.92423
714.55,-0.000199791,0.000589608,1.89751
714.6,-0.00019143,0.000600107,1.87959
714.65,-0.000186622,0.000605749,1.86965
714.7,-0.000185704,0.000606751,1.86781
714.75,0.304594,-0.295277,-0.769867
714.8,0.274372,-0.279945,-0.79545
714.85,0.250039,-0.267704,-0.819505
714.9,0.234285,-0.266677,-0.849967
714.95,0.238403,-0.284669,-0.873619
715,0.243843,-0.300925,-0.889799
715.05,0.250456,-0.309785,-0.890904
715.1,0.275924,-0.340899,-0.890349
715.15,-0.000120465,0.00065925,1.75153
715.2,-0.000105805,0.000673405,1.72664
715.25,-9.12898e-05,0.000687954,1.70272
715.3,-7.6768e-05,0.000702631,1.67962
715.35,-6.27948e-05,0.000716895,1.65817
715.4,-5.13375e-05,0.000728423,1.64116
715.45,-4.42025e-05,0.00073506,1.63086
715.5,-4.2074e-05,0.000736783,1.62784
715.55,0.291322,-0.3425,-0.865967
715.6,0.249758,-0.311141,-0.894401
715.65,0.223869,-0.290987,-0.915029
715.7,0.224151,-0.302789,-0.93354
715.75,0.219621,-0.313873,-0.960263
715.8,0.200628,-0.300601,-0.982271
715.85,0.207872,-0.325335,-1.00223
715.9,0.218362,-0.346741,-1.00878
715.95,0.246102,-0.382173,-0.998683
716,5.05052e-05,0.000790735,1.50701
716.05,7.02141e-05,0.000804243,1.48371
716.1,8.98113e-05,0.000817823,1.46142
716.15,0.000108648,0.000830398,1.4407
716.2,0.000127034,0.000842309,1.42111
716.25,0.000144313,0.000853435,1.40328
716.3,0.000156512,0.000860523,1.39088
716.35,0.000162327,0.000863184,1.38491
716.4,0.252027,-0.381184,-0.98661
716.45,0.223985,-0.349568,-1.00095
716.5,0.206026,-0.333717,-1.0177
716.55,0.208475,-0.351349,-1.03528
716.6,0.202788,-0.367134,-1.06615
716.65,0.182033,-0.357249,-1.09954
716.7,0.174073,-0.358458,-1.11872
716.75,0.173749,-0.368137,-1.12982
716.8,0.189698,-0.403413,-1.13124
716.85,0.222323,-0.461127,-1.12155
716.9,0.000353811,0.000923074,1.20477
716.95,0.000384152,0.000934947,1.18094
717,0.000415205,0.00094683,1.15753
717.05,0.000450441,0.000958096,1.13132
717.1,0.000491569,0.00096944,1.10151
717.15,0.000540533,0.000981312,1.06732
717.2,0.000590441,0.000992253,1.03402
717.25,0.000633604,0.000999875,1.00598
717.3,0.223271,-0.458442,-1.11758
717.35,0.170463,-0.368789,-1.13782
717.4,0.181556,-0.394882,-1.13984
717.45,0.177095,-0.413629,-1.16626
717.5,0.162743,-0.409,-1.1921
717.55,0.154335,-0.409569,-1.21043
717.6,0.160034,-0.44787,-1.22761
717.65,0.131108,-0.409779,-1.26114
717.7,0.126379,-0.418229,-1.27734
717.75,0.158466,-0.504203,-1.26628
717.8,0.00133031,0.00109046,0.686641
717.85,0.001531,0.00111523,0.629555
717.9,0.00174934,0.00114121,0.578038
717.95,0.00196471,0.00116598,0.535597
718,0.00214273,0.0011855,0.505349
718.05,0.00224938,0.00119689,0.488994
718.1,0.00234306,0.00120648,0.475509
718.15,0.174051,-0.520896,-1.24832
718.2,0.132522,-0.408175,-1.25686
718.25,0.13153,-0.414818,-1.26375
718.3,0.130657,-0.440536,-1.28247
718.35,0.138723,-0.495025,-1.29757
718.4,0.117048,-0.457497,-1.32033
718.45,0.11728,-0.475235,-1.32885
718.5,0.115375,-0.505378,-1.34635
718.55,0.10158,-0.499902,-1.37033
718.6,0.0920512,-0.503743,-1.39006
718.65,0.0759377,-0.455035,-1.40544
718.7,0.0848582,-0.519211,-1.40879
718.75,0.0946438,-0.592156,-1.41231
718.8,0.00898727,0.00195437,0.214126
718.85,0.00980003,0.00203813,0.205049
718.9,0.0106686,0.00212543,0.196649
718.95,0.0114434,0.00220256,0.190148
719,0.0120623,0.00226036,0.185242
719.05,0.0125288,0.00230336,0.181815
719.1,0.0128771,0.00233648,0.179491
719.15,0.0132394,0.0023719,0.177274
719.2,0.0137079,0.00241766,0.174575
719.25,0.0142981,0.00247541,0.171429
719.3,0.0150354,0.0025478,0.167858
719.35,0.0159308,0.00263619,0.163991
719.4,0.0170822,0.0027529,0.159782
719.45,0.0183806,0.00288803,0.155849
719.5,0.0197674,0.00303556,0.152374
719.55,0.0212444,0.00319633,0.149335
719.6,0.022814,0.00337134,0.146713
719.65,0.0243059,0.00353776,0.144536
719.7,0.0253268,0.00364979,0.143122
719.75,0.025934,0.00370967,0.142079
719.8,0.0262165,0.00372597,0.141177
719.85,0.0264776,0.00373969,0.140312
719.9,0.0267232,0.00375218,0.139497
719.95,0.0269516,0.00376335,0.138737
720,0.027161,0.00377316,0.138035
720.05,0.0273495,0.00378154,0.137396
720.1,0.027516,0.00378846,0.136822
720.15,0.0276589,0.00379389,0.136316
720.2,0.0277774,0.00379783,0.135881
720.25,0.0278702,0.00380025,0.135519
720.3,0.0279368,0.00380114,0.135232
720.35,0.0279766,0.0038005,0.135019
720.4,0.0279892,0.00379832,0.134883
720.45,0.0279748,0.00379463,0.134822
720.5,0.0279334,0.00378943,0.134837
720.55,0.0278655,0.00378276,0.134926
720.6,0.0277718,0.00377461,0.135088
720.65,0.0276531,0.00376502,0.13532
720.7,0.0275106,0.00375402,0.13562
720.75,0.0273454,0.00374168,0.135986
720.8,0.0271592,0.00372804,0.136414
720.85,0.0269534,0.00371319,0.136902
720.9,0.0267296,0.00369719,0.137446
720.95,0.0264895,0.00368012,0.138044
721,0.026235,0.00366205,0.13869
721.05,0.0259677,0.00364307,0.139383
721.1,0.0256895,0.00362327,0.140117
721.15,0.0254019,0.00360273,0.140889
721.2,0.0251068,0.00358154,0.141696
721.25,0.0248057,0.00355978,0.142533
721.3,0.0245,0.00353753,0.143398
721.35,0.0241913,0.00351489,0.144286
721.4,0.023487,0.00344055,0.145452
721.45,0.0220007,0.00327603,0.147819
721.5,0.0205095,0.00311621,0.150786
721.55,0.0190668,0.0029667,0.154357
721.6,0.0177334,0.00283305,0.158419
721.65,0.0164863,0.0027112,0.162993
721.7,0.0153163,0.00259968,0.168131
721.75,0.0142225,0.0024975,0.17383
721.8,0.0132023,0.00240376,0.180099
721.85,0.0122015,0.00231291,0.187336
721.9,0.0113215,0.00223367,0.194793
721.95,0.0104519,0.00215572,0.2034
722,0.00968811,0.00208716,0.212192
722.05,0.00899013,0.00202432,0.221477
722.1,0.00834388,0.00196571,0.231368
722.15,0.0077457,0.00191083,0.241867
722.2,0.00719212,0.00185924,0.252972
722.25,0.00667977,0.00181052,0.264686
722.3,0.00620559,0.00176432,0.277002
722.35,0.00576657,0.00172032,0.289921
722.4,0.00535957,0.00167819,0.303449
722.45,0.00498188,0.00163763,0.317591
722.5,0.00463149,0.00159848,0.332332
722.55,0.0043067,0.0015606,0.347647
722.6,0.149515,-0.19353,-0.91301
722.65,0.161679,-0.205157,-0.903371
722.7,0.167567,-0.205186,-0.88598
722.75,0.164017,-0.188927,-0.855857
722.8,0.157254,-0.180335,-0.853662
722.85,0.157341,-0.183665,-0.862441
722.9,0.00203138,0.00121585,0.539342
722.95,0.00175241,0.00116695,0.587478
723,0.00151153,0.00112362,0.639239
723.05,0.00130558,0.00108524,0.693498
723.1,0.00111984,0.00104879,0.752644
723.15,0.152339,-0.169797,-0.83954
723.2,0.164831,-0.177361,-0.822
723.25,0.180716,-0.186827,-0.802025
723.3,0.189702,-0.191021,-0.788862
723.35,0.18031,-0.174122,-0.767939
723.4,0.17125,-0.163893,-0.76345
723.45,0.00036018,0.00085959,1.17401
723.5,0.000306313,0.000839947,1.2211
723.55,0.000261086,0.000821568,1.2631
723.6,0.000228202,0.000807288,1.29531
723.65,0.000203496,0.000797296,1.3209
723.7,0.163685,-0.164748,-0.788635
723.75,0.166884,-0.159936,-0.764142
723.8,0.184107,-0.172849,-0.753868
723.85,0.194772,-0.175064,-0.732161
723.9,0.208918,-0.176289,-0.700895
723.95,0.198397,-0.166151,-0.697175
724,4.24526e-05,0.000724894,1.5123
724.05,1.55306e-05,0.000707604,1.54885
724.1,-7.6227e-06,0.000691505,1.58182
724.15,-2.48494e-05,0.000678875,1.60738
724.2,-3.08549e-05,0.000674689,1.6165
724.25,0.182757,-0.160155,-0.719581
724.3,0.208392,-0.174621,-0.697453
724.35,0.215988,-0.175381,-0.682014
724.4,0.219721,-0.169455,-0.656949
724.45,0.217708,-0.160232,-0.634477
724.5,0.204715,-0.15063,-0.634351
724.55,0.199168,-0.146929,-0.635592
724.6,0.183957,-0.138737,-0.64617
724.65,-0.000132915,0.000578496,1.79664
724.7,-0.000148887,0.000562215,1.82968
724.75,-0.000163963,0.000546626,1.86221
724.8,-0.000177991,0.000532108,1.8936
724.85,-0.000188628,0.000521028,1.91815
724.9,-0.000196939,0.000512116,1.93792
724.95,-0.000202885,0.000505569,1.95242
725,-0.000206517,0.000501611,1.96135
725.05,0.130881,-0.17341,-0.924264
725.1,0.144636,-0.172548,-0.87317
725.15,0.185441,-0.183847,-0.781082
725.2,0.158726,-0.183319,-0.857174
725.25,0.161306,-0.17766,-0.833607
725.3,0.111039,-0.192007,-1.04648
725.35,0.0683122,-0.207257,-1.25241
725.4,0.0173916,-0.242216,-1.49912
725.45,0.00571497,-0.247121,-1.54767
725.5,0.0109333,-0.251486,-1.52735
725.55,0.00484639,-0.251989,-1.55157
725.6,0.0155215,-0.252345,-1.50936
725.65,0.00748083,-0.257143,-1.54171
725.7,0.0131256,-0.252852,-1.51893
725.75,0.0115336,-0.256295,-1.52583
725.8,0.0147607,-0.254171,-1.51279
725.85,0.0131544,-0.253562,-1.51896
725.9,0.0120046,-0.257178,-1.52415
725.95,0.00968647,-0.250872,-1.5322
726,0.0135059,-0.248576,-1.51652
726.05,-0.00607091,-0.244482,-1.59562
726.1,0.00424952,-0.242731,-1.55329
726.15,-0.00220043,-0.239817,-1.57997
726.2,-0.0117596,-0.230441,-1.62178
726.25,-0.0181518,-0.234921,-1.64791
726.3,-0.0405443,-0.229763,-1.74546
726.35,-0.0608558,-0.224163,-1.83589
726.4,-0.0688099,-0.224408,-1.86832
726.45,-0.0991395,-0.222118,-1.9906
726.5,-0.121603,-0.217795,-2.08002
726.55,-0.113334,-0.216936,-2.05223
726.6,-0.115426,-0.22116,-2.05182
726.65,-0.100969,-0.209855,-2.01924
726.7,-0.0975991,-0.211499,-2.00314
726.75,-0.0998049,-0.205665,-2.0226
726.8,-0.000789425,0.000245919,2.8396
726.85,-0.000808103,0.000253521,2.83759
726.9,-0.000823504,0.000260701,2.835
726.95,-0.000832502,0.000265621,2.83274
727,-0.000837578,0.000268881,2.83096
727.05,-0.000840027,0.000270727,2.82982
727.1,-0.000840708,0.000271323,2.82941
727.15,-0.000840775,0.000271395,2.82936
727.2,-0.000840837,0.000271472,2.8293
727.25,-0.000840892,0.000271553,2.82923
727.3,-0.00084094,0.000271639,2.82915
727.35,-0.000840981,0.000271729,2.82907
727.4,-0.000841015,0.000271822,2.82898
727.45,-0.000841041,0.000271917,2.82889
727.5,-0.00084106,0.000272013,2.82879
727.55,-0.000841071,0.000272111,2.82869
727.6,-0.000841075,0.00027221,2.82859
727.65,-0.00084107,0.000272309,2.82848
727.7,-0.000841059,0.000272407,2.82837
727.75,-0.00084104,0.000272504,2.82826
727.8,-0.000841014,0.000272599,2.82815
727.85,-0.000840982,0.000272693,2.82803
727.9,-0.000840943,0.000272784,2.82792
727.95,-0.000840898,0.000272872,2.82781
728,-0.000840846,0.000272956,2.8277
728.05,-0.00084079,0.000273037,2.8276
728.1,-0.000840727,0.000273113,2.82749
728.15,0.203237,-0.0948659,-0.436715
728.2,0.200584,-0.101401,-0.468058
728.25,0.207586,-0.103665,-0.463155
728.3,0.201754,-0.101041,-0.464299
728.35,0.213469,-0.113087,-0.487172
728.4,0.214808,-0.123637,-0.522264
728.45,0.213403,-0.129474,-0.54534
728.5,0.205991,-0.126404,-0.550388
728.55,0.198438,-0.128295,-0.573927
728.6,0.209218,-0.140554,-0.591553
728.65,0.204712,-0.137838,-0.592599
728.7,0.217256,-0.148021,-0.598079
728.75,0.196292,-0.137474,-0.610965
728.8,0.204408,-0.147194,-0.624088
728.85,0.198464,-0.146743,-0.636679
728.9,0.19227,-0.148035,-0.656136
728.95,0.198712,-0.154079,-0.659551
729,0.201794,-0.157365,-0.662319
729.05,0.200746,-0.160323,-0.67391
729.1,0.186525,-0.149871,-0.676863
729.15,0.183596,-0.153345,-0.695858
729.2,0.193523,-0.162309,-0.6979
729.25,0.188655,-0.164204,-0.716216
729.3,0.171868,-0.147533,-0.709355
729.35,-0.000501021,0.000590018,2.2748
729.4,-0.000487894,0.000606917,2.2479
729.45,-0.000474506,0.000624378,2.22065
729.5,-0.000460858,0.000642211,2.19324
729.55,-0.000448149,0.000658399,2.16843
729.6,-0.000438515,0.000669883,2.15041
729.65,0.182062,-0.157409,-0.712902
729.7,0.199624,-0.173801,-0.716357
729.75,0.203497,-0.177257,-0.716593
729.8,0.187145,-0.1755,-0.753298
729.85,0.197343,-0.194512,-0.778174
729.9,0.190223,-0.196544,-0.801739
729.95,0.176304,-0.187988,-0.81746
730,0.188723,-0.204248,-0.824885
730.05,0.169498,-0.190889,-0.844684
730.1,0.181206,-0.204637,-0.846049
730.15,0.170662,-0.188756,-0.835697
730.2,-0.000299875,0.000790521,1.93337
730.25,-0.000283342,0.000807215,1.90837
730.3,-0.000268117,0.00082296,1.88575
730.35,-0.00025717,0.000834123,1.86986
730.4,-0.000249816,0.000841108,1.85951
730.45,0.18086,-0.192504,-0.816575
730.5,0.181683,-0.197489,-0.827059
730.55,0.18137,-0.201757,-0.838562
730.6,0.181324,-0.214226,-0.868388
730.65,0.171609,-0.219153,-0.906474
730.7,0.165741,-0.221584,-0.92859
730.75,0.17704,-0.240911,-0.937043
730.8,0.166397,-0.232938,-0.950509
730.85,0.16581,-0.237374,-0.961066
730.9,0.177435,-0.251812,-0.956966
730.95,-0.000119142,0.000927788,1.69851
731,-0.000101761,0.000941028,1.67852
731.05,-8.45256e-05,0.000954579,1.65911
731.1,-6.78105e-05,0.000967963,1.64074
731.15,-5.83933e-05,0.000975327,1.6306
731.2,-5.32901e-05,0.000978911,1.62518
731.25,0.17379,-0.23361,-0.93119
731.3,0.1673,-0.229978,-0.941876
731.35,0.183148,-0.250671,-0.939808
731.4,0.174867,-0.253783,-0.967462
731.45,0.163439,-0.255892,-1.0024
731.5,0.16834,-0.274482,-1.02065
731.55,0.153125,-0.263884,-1.04501
731.6,0.157436,-0.280538,-1.0594
731.65,0.155581,-0.279263,-1.06251
731.7,0.147773,-0.272863,-1.07445
731.75,0.146295,-0.271721,-1.0769
731.8,0.000119141,0.00105056,1.45787
731.85,0.00014405,0.00106236,1.43602
731.9,0.000171179,0.00107435,1.41279
731.95,0.000200973,0.00108632,1.38786
732,0.000233452,0.00109834,1.36136
732.05,0.000268062,0.00111041,1.33392
732.1,0.000302813,0.00112242,1.30728
732.15,0.000335903,0.00113431,1.28289
732.2,0.000366172,0.00114513,1.26131
732.25,0.000387748,0.00115189,1.24609
732.3,0.000401345,0.00115481,1.23631
732.35,0.14881,-0.285504,-1.09032
732.4,0.145956,-0.282975,-1.09459
732.45,0.142393,-0.284402,-1.10661
732.5,0.152835,-0.315023,-1.1191
732.55,0.139676,-0.309716,-1.14713
732.6,0.141356,-0.328362,-1.16429
732.65,0.127466,-0.323588,-1.19555
732.7,0.1165,-0.316211,-1.2178
732.75,0.110399,-0.310291,-1.22897
732.8,0.110402,-0.320829,-1.23937
732.85,0.106586,-0.319774,-1.24906
732.9,0.096092,-0.2979,-1.25877
732.95,0.102545,-0.321154,-1.26173
733,0.113466,-0.349411,-1.2568
733.05,0.00134025,0.00123559,0.744791
733.1,0.00150891,0.00124806,0.691064
733.15,0.00168622,0.00126063,0.641969
733.2,0.00187484,0.00127307,0.596513
733.25,0.00206954,0.00128487,0.55561
733.3,0.00225379,0.00129489,0.521487
733.35,0.002409,0.0013024,0.495627
733.4,0.118358,-0.355794,-1.24965
733.45,0.123518,-0.36349,-1.24323
733.5,0.122271,-0.370998,-1.25243
733.55,0.117484,-0.382203,-1.27258
733.6,0.10664,-0.37606,-1.29448
733.65,0.108071,-0.410826,-1.31357
733.7,0.0844735,-0.361437,-1.3412
733.75,0.0843844,-0.399227,-1.36249
733.8,0.0797402,-0.400933,-1.37447
733.85,0.0774935,-0.407126,-1.3827
733.9,0.0778707,-0.430623,-1.3919
733.95,0.0730056,-0.420747,-1.39899
734,0.0620126,-0.393116,-1.41434
734.05,0.00730176,0.00149302,0.201694
734.1,0.00786965,0.00150861,0.189402
734.15,0.00849023,0.00152473,0.177693
734.2,0.0092619,0.00154662,0.165461
734.25,0.0100899,0.00157161,0.154519
734.3,0.0110142,0.00160287,0.144513
734.35,0.0118845,0.00163866,0.137018
734.4,0.012783,0.00167982,0.130662
734.45,0.0137538,0.00172719,0.124925
734.5,0.0148338,0.0017839,0.119685
734.55,0.016032,0.00184946,0.114853
734.6,0.0173264,0.00192232,0.110496
734.65,0.0187083,0.00199517,0.106245
734.7,0.0197679,0.00203954,0.10281
734.75,0.0203708,0.00206014,0.100789
734.8,0.0208505,0.00207264,0.099079
734.85,0.021235,0.00207829,0.0975602
734.9,0.0216003,0.00207932,0.0959681
734.95,0.0219813,0.00207728,0.0942222
735,0.0223755,0.00207281,0.092374
735.05,0.022782,0.00206592,0.0904346
735.1,0.0232836,0.00206054,0.0882678
735.15,0.0239782,0.00205905,0.0856615
735.2,0.0248992,0.00206091,0.0825819
735.25,0.0260921,0.00206626,0.0790261
735.3,0.0277504,0.00208887,0.0751318
735.35,0.0298482,0.00212568,0.0710963
735.4,0.0320715,0.00216755,0.0674822
735.45,0.0344184,0.00221497,0.0642655
735.5,0.0368676,0.00226152,0.0612649
735.55,0.0394138,0.00230133,0.0583226
735.6,0.0420093,0.00233277,0.0554727
735.65,0.0435126,0.00232821,0.0534555
735.7,0.0441745,0.00229717,0.0519553
735.75,0.0445029,0.00225432,0.0506123
735.8,0.0447476,0.00221201,0.0493928
735.85,0.0449544,0.0021735,0.0483112
735.9,0.045114,0.00213873,0.0473717
735.95,0.0452239,0.00210788,0.0465761
736,0.0452824,0.00208104,0.0459246
736.05,0.0452881,0.00205822,0.045416
736.1,0.0452402,0.00203936,0.0450481
736.15,0.0451399,0.00202453,0.0448202
736.2,0.0449876,0.00201357,0.0447285
736.25,0.0447842,0.00200623,0.0447679
736.3,0.044533,0.0020026,0.0449386
736.35,0.0442368,0.00200259,0.0452388
736.4,0.043898,0.00200595,0.0456639
736.45,0.0435187,0.0020123,0.0462071
736.5,0.0431014,0.00202126,0.0468612
736.55,0.042649,0.00203241,0.0476183
736.6,0.0421645,0.00204533,0.0484704
736.65,0.0416513,0.00205963,0.0494091
736.7,0.0410454,0.00207056,0.050403
736.75,0.0403246,0.00207753,0.0514746
736.8,0.0395767,0.00208514,0.0526373
736.85,0.0382888,0.00206614,0.0539095
736.9,0.0359285,0.00200934,0.055868
736.95,0.0336389,0.0019627,0.05828
737,0.0314469,0.00192457,0.0611243
737.05,0.0293606,0.00189247,0.064367
737.1,0.0273829,0.00186547,0.0680202
737.15,0.0255145,0.00184273,0.0720978
737.2,0.023755,0.00182353,0.0766141
737.25,0.0221024,0.00180723,0.0815847
737.3,0.020554,0.00179325,0.0870254
737.35,0.0191059,0.00178108,0.0929529
737.4,0.017754,0.00177029,0.0993835
737.45,0.0164936,0.00176048,0.106335
737.5,0.0153195,0.00175132,0.113825
737.55,0.0142268,0.00174252,0.121874
737.6,0.0132102,0.00173382,0.130502
737.65,0.0122648,0.00172499,0.13973
737.7,0.0113856,0.00171586,0.149579
737.75,0.010568,0.00170627,0.160075
737.8,0.00980745,0.00169607,0.171244
737.85,0.0090998,0.00168515,0.183111
737.9,0.00844124,0.00167342,0.195706
737.95,0.00782838,0.0016608,0.209051
738,0.00725829,0.00164727,0.22317
738.05,0.00670973,0.00163229,0.238637
738.1,0.0061893,0.00161596,0.255388
738.15,0.00570977,0.00159877,0.273014
738.2,0.00527055,0.00158117,0.291457
738.25,0.00485245,0.00156133,0.311299
738.3,0.00434672,0.00152712,0.337858
738.35,0.00376503,0.00148105,0.374778
738.4,0.00324151,0.00143795,0.417523
738.45,0.00278613,0.00139894,0.465334
738.5,0.00239057,0.00136336,0.5183
738.55,0.00204305,0.00133023,0.577149
738.6,0.00174578,0.00129984,0.640009
738.65,0.00148808,0.00127138,0.707028
738.7,0.00126363,0.00124433,0.777703
738.75,0.00107017,0.0012187,0.8502
738.8,0.178841,-0.165735,-0.747382
738.85,0.178776,-0.1626,-0.738049
738.9,0.184167,-0.158998,-0.712185
738.95,0.193325,-0.16201,-0.697497
739,0.000431191,0.00110603,1.19907
739.05,0.000344762,0.00108559,1.26329
739.1,0.000267627,0.0010656,1.32473
739.15,0.000201087,0.00104692,1.38103
739.2,0.000146496,0.00103099,1.42965
739.25,0.000100384,0.00101671,1.47238
739.3,6.15513e-05,0.00100403,1.50957
739.35,3.06202e-05,0.000993547,1.53999
739.4,0.182225,-0.151878,-0.694814
739.45,0.195543,-0.160474,-0.687213
739.5,0.210288,-0.164576,-0.664055
739.55,0.203407,-0.157721,-0.659557
739.6,0.208165,-0.155209,-0.640682
739.65,0.217511,-0.148498,-0.599031
739.7,0.214826,-0.145564,-0.595527
739.75,0.206909,-0.140463,-0.5964
739.8,0.205195,-0.13936,-0.596602
739.85,-0.00015198,0.000880481,1.74172
739.9,-0.000171738,0.000863185,1.76719
739.95,-0.000190471,0.000845808,1.7923
740,-0.000208163,0.000828597,1.81693
740.05,-0.000223679,0.000813195,1.83922
740.1,-0.000236719,0.000799959,1.8585
740.15,-0.000247722,0.000788948,1.87504
740.2,-0.000256394,0.000780374,1.88824
740.25,-0.000262659,0.000774472,1.89777
740.3,0.200543,-0.133017,-0.585658
740.35,0.219343,-0.144385,-0.58216
740.4,0.231137,-0.143866,-0.556746
740.45,0.234874,-0.138291,-0.532134
740.5,0.232336,-0.132547,-0.518444
740.55,0.228943,-0.126692,-0.505432
740.6,0.220272,-0.119851,-0.498305
740.65,0.203037,-0.117952,-0.526285
740.7,0.196458,-0.11219,-0.518872
740.75,-0.000346811,0.000654692,2.05794
740.8,-0.000359067,0.000636975,2.0841
740.85,-0.000371038,0.000619727,2.11027
740.9,-0.000382893,0.000602591,2.13685
740.95,-0.000394739,0.000585466,2.16402
741,-0.000406574,0.000568684,2.19148
741.05,-0.000416581,0.000554723,2.21492
741.1,-0.000423685,0.000544446,2.2321
741.15,-0.00042695,0.000539573,2.24019
741.2,-0.000427336,0.000539216,2.24096
741.25,0.20583,-0.116706,-0.515803
741.3,0.237071,-0.123492,-0.480234
741.35,0.233955,-0.118261,-0.468026
741.4,0.196889,-0.139078,-0.614994
741.45,0.190965,-0.148052,-0.659489
741.5,0.171552,-0.147306,-0.709506
741.55,0.123349,-0.175186,-0.957324
741.6,0.0651648,-0.205754,-1.26408
741.65,0.0220774,-0.234707,-1.47701
741.7,0.00494401,-0.253794,-1.55132
741.75,0.0117378,-0.257199,-1.52519
741.8,0.0100437,-0.255395,-1.53149
741.85,0.00570082,-0.266393,-1.5494
741.9,0.0138941,-0.260504,-1.51751
741.95,0.00270484,-0.267277,-1.56068
742,-0.00265665,-0.259674,-1.58103
742.05,-0.00142013,-0.261496,-1.57623
742.1,-0.0105207,-0.25845,-1.61148
742.15,-0.0126163,-0.259984,-1.61929
742.2,-0.0163536,-0.264438,-1.63256
742.25,-0.0184604,-0.261761,-1.6412
742.3,-0.0221275,-0.260697,-1.65547
742.35,-0.0216419,-0.260144,-1.6538
742.4,-0.0313718,-0.256218,-1.69263
742.45,-0.0308619,-0.253457,-1.69196
742.5,-0.0372116,-0.258998,-1.71349
742.55,-0.0414331,-0.251907,-1.73381
742.6,-0.0344387,-0.25168,-1.70679
742.65,-0.0554063,-0.250837,-1.78819
742.7,-0.0731136,-0.248278,-1.85718
742.75,-0.0813249,-0.253995,-1.88067
742.8,-0.100699,-0.256037,-1.94551
742.85,-0.124995,-0.264678,-2.012
742.9,-0.120866,-0.266357,-1.99678
742.95,-0.119509,-0.25805,-2.00451
743,-0.108658,-0.249923,-1.98091
743.05,-0.105283,-0.252443,-1.96592
743.1,-0.0977497,-0.24525,-1.95007
743.15,-0.0959716,-0.245454,-1.94352
743.2,-0.0915517,-0.231762,-1.94701
743.25,-0.00105121,0.000229474,2.92667
743.3,-0.00106822,0.000238904,2.92157
743.35,-0.00108247,0.000247756,2.91659
743.4,-0.00109057,0.000253511,2.91319
743.45,-0.00109496,0.000257111,2.91096
743.5,-0.0010969,0.000258957,2.90976
743.55,-0.00109727,0.000259366,2.90948
743.6,-0.00109735,0.000259467,2.90941
743.65,-0.00109741,0.000259573,2.90933
743.7,-0.00109747,0.000259684,2.90925
743.75,-0.00109752,0.000259799,2.90916
743.8,-0.00109756,0.000259918,2.90906
743.85,-0.00109759,0.00026004,2.90896
743.9,-0.00109761,0.000260164,2.90886
743.95,-0.00109762,0.000260289,2.90875
744,-0.00109763,0.000260415,2.90865
744.05,-0.00109762,0.000260541,2.90854
744.1,-0.0010976,0.000260666,2.90843
744.15,-0.00109758,0.000260789,2.90831
744.2,-0.00109754,0.00026091,2.9082
744.25,-0.0010975,0.000261029,2.90809
744.3,-0.00109745,0.000261144,2.90798
744.35,-0.00109739,0.000261255,2.90787
744.4,-0.00109732,0.000261362,2.90777
744.45,-0.00109725,0.000261464,2.90766
744.5,-0.00109717,0.000261562,2.90756
744.55,-0.00109708,0.000261654,2.90747
744.6,-0.00109699,0.00026174,2.90737
744.65,-0.0010969,0.00026182,2.90729
744.7,-0.00109679,0.000261894,2.9072
744.75,-0.00109669,0.000261961,2.90712
744.8,-0.00109658,0.000262022,2.90705
744.85,-0.00109647,0.000262076,2.90698
744.9,-0.00109635,0.000262124,2.90691
744.95,-0.00109623,0.000262164,2.90685
745,-0.00109611,0.000262198,2.9068
745.05,-0.00109599,0.000262226,2.90675
745.1,-0.00109587,0.000262246,2.9067
745.15,-0.00109574,0.00026226,2.90667
745.2,-0.00109158,0.000262656,2.90546
745.25,-0.00107795,0.000262765,2.90249
745.3,-0.00105846,0.00026203,2.89891
745.35,0.228659,-0.0753382,-0.318277
745.4,0.237694,-0.0815246,-0.330408
745.45,0.197872,-0.110076,-0.507667
745.5,0.0940012,-0.182496,-1.09515
745.55,0.098879,-0.18394,-1.07755
745.6,0.129981,-0.170462,-0.919327
745.65,0.134082,-0.175953,-0.919639
745.7,0.108034,-0.192343,-1.05904
745.75,0.169515,-0.177183,-0.807512
745.8,0.200799,-0.167665,-0.695715
745.85,0.20662,-0.167068,-0.679949
745.9,0.199867,-0.176471,-0.723311
745.95,0.268992,-0.168497,-0.559608
746,0.289578,-0.16992,-0.530646
746.05,0.272601,-0.181569,-0.587583
746.1,0.296645,-0.184414,-0.556198
746.15,0.296732,-0.191425,-0.572931
746.2,0.296941,-0.195498,-0.582239
746.25,0.297927,-0.202395,-0.596728
746.3,0.305394,-0.212566,-0.608062
746.35,0.309162,-0.215125,-0.607924
746.4,0.300346,-0.21973,-0.631612
746.45,0.307956,-0.229624,-0.640703
746.5,0.301132,-0.23214,-0.656738
746.55,0.298295,-0.233126,-0.663376
746.6,0.310755,-0.244198,-0.666035
746.65,0.29607,-0.241394,-0.684019
746.7,0.294545,-0.248189,-0.700192
746.75,0.284517,-0.244555,-0.710009
746.8,0.285954,-0.249657,-0.717734
746.85,0.284301,-0.252423,-0.726073
746.9,0.282722,-0.257846,-0.739414
746.95,0.265395,-0.248619,-0.752773
747,0.270103,-0.255321,-0.757271
747.05,0.257371,-0.249527,-0.769925
747.1,0.260888,-0.257138,-0.778158
747.15,0.26153,-0.258265,-0.779116
747.2,0.285378,-0.275875,-0.768469
747.25,0.302346,-0.289152,-0.763096
747.3,0.312839,-0.290424,-0.748259
747.35,-0.000267983,0.000442816,2.11502
747.4,-0.000255242,0.00045895,2.07834
747.45,-0.000243347,0.000474889,2.04434
747.5,-0.000233615,0.000488013,2.01726
747.55,-0.000226802,0.000496678,1.99916
747.6,-0.000223526,0.000500468,1.99085
747.65,0.335775,-0.28774,-0.708511
747.7,0.323329,-0.29191,-0.734375
747.75,0.292909,-0.283334,-0.768783
747.8,0.277855,-0.280841,-0.790742
747.85,0.26862,-0.284416,-0.813953
747.9,0.270968,-0.297402,-0.831873
747.95,0.28314,-0.314165,-0.837294
748,0.305013,-0.341267,-0.841435
748.05,0.285388,-0.310658,-0.827768
748.1,-0.000142547,0.000572023,1.81502
748.15,-0.000126912,0.0005886,1.78316
748.2,-0.000111878,0.000605156,1.75361
748.25,-9.77228e-05,0.000620977,1.72689
748.3,-8.44099e-05,0.000635652,1.70282
748.35,-7.43071e-05,0.000645921,1.68533
748.4,-6.84145e-05,0.000651028,1.6755
748.45,-6.68642e-05,0.000651709,1.67304
748.5,0.306765,-0.338569,-0.834642
748.55,0.269945,-0.316134,-0.864045
748.6,0.234589,-0.289448,-0.889703
748.65,0.256843,-0.328879,-0.90777
748.7,0.230432,-0.313149,-0.936411
748.75,0.221468,-0.315437,-0.958664
748.8,0.23034,-0.334963,-0.9684
748.85,0.255505,-0.368852,-0.964983
748.9,0.272117,-0.391963,-0.963945
748.95,0.264364,-0.370867,-0.951513
749,6.44756e-05,0.000728409,1.48251
749.05,8.7426e-05,0.000743531,1.45375
749.1,0.000109182,0.000758483,1.42783
749.15,0.000128762,0.000771992,1.40553
749.2,0.000148049,0.000784988,1.38439
749.25,0.000166493,0.000797243,1.36492
749.3,0.000181466,0.000805548,1.34922
749.35,0.000191401,0.000809322,1.33857
749.4,0.30527,-0.431321,-0.954883
749.45,0.243231,-0.363574,-0.981181
749.5,0.217323,-0.335979,-0.996649
749.55,0.223337,-0.360449,-1.01608
749.6,0.210366,-0.36575,-1.04884
749.65,0.184439,-0.351898,-1.08804
749.7,0.182611,-0.359978,-1.10134
749.75,0.212309,-0.4181,-1.10093
749.8,0.229335,-0.451249,-1.10059
749.85,0.242438,-0.460991,-1.08664
749.9,0.000447937,0.00088168,1.10073
749.95,0.00049777,0.00089604,1.06372
750,0.000559747,0.000912151,1.0204
750.05,0.00063207,0.000929239,0.973482
750.1,0.000710316,0.00094636,0.926926
750.15,0.000789121,0.000962964,0.884295
750.2,0.00085227,0.000975384,0.852658
750.25,0.000893659,0.000982701,0.832817
750.3,0.228569,-0.439441,-1.09117
750.35,0.189875,-0.374429,-1.10148
750.4,0.201262,-0.403211,-1.10783
750.45,0.197758,-0.422573,-1.13309
750.5,0.181462,-0.41778,-1.16104
750.55,0.183625,-0.437964,-1.17379
750.6,0.162973,-0.4224,-1.20257
750.65,0.168536,-0.465305,-1.22329
750.7,0.136727,-0.412888,-1.25101
750.75,0.143019,-0.436036,-1.25386
750.8,0.164967,-0.505923,-1.2556
750.85,0.187004,-0.566533,-1.25197
750.9,0.00250597,0.00119418,0.444698
750.95,0.00275374,0.00122435,0.418366
751,0.00300516,0.00125377,0.39525
751.05,0.00320443,0.00127647,0.379079
751.1,0.00337088,0.00129511,0.366816
751.15,0.00350092,0.00130948,0.357928
751.2,0.00360556,0.0013218,0.351387
751.25,0.00374141,0.00133833,0.343524
751.3,0.00396566,0.00136601,0.331731
751.35,0.00424695,0.00140166,0.318782
751.4,0.00454386,0.00144024,0.306946
751.45,0.00479625,0.00147316,0.298002
751.5,0.00494457,0.00149218,0.29309
751.55,0.00500972,0.00149999,0.290921
751.6,0.00504054,0.00150334,0.28985
751.65,0.00506576,0.00150624,0.289012
751.7,0.00507676,0.0015074,0.28863
751.75,0.00513998,0.00151529,0.286684
751.8,0.0053306,0.00153901,0.28107
751.85,0.00563253,0.00157683,0.272963
751.9,0.00603372,0.00162827,0.263583
751.95,0.00647122,0.00168533,0.254774
752,0.00694042,0.00174732,0.246635
752.05,0.00743288,0.00181316,0.239264
752.1,0.00795057,0.00188249,0.232493
752.15,0.00842614,0.00194506,0.226862
752.2,0.00880271,0.00199296,0.222649
752.25,0.00902245,0.00201952,0.220203
752.3,0.00923913,0.00204479,0.217807
752.35,0.00946466,0.00207054,0.215372
752.4,0.00969656,0.00209661,0.212944
752.45,0.00993682,0.00212308,0.210493
752.5,0.0101903,0.00215019,0.207953
752.55,0.0104618,0.00217804,0.205258
752.6,0.0108525,0.00221749,0.201555
752.65,0.0114281,0.00227754,0.196716
752.7,0.0122175,0.00236347,0.19109
752.75,0.0131152,0.00246538,0.185811
752.8,0.014122,0.002583,0.180906
752.85,0.0151909,0.00271156,0.176639
752.9,0.0162856,0.00284577,0.172995
752.95,0.0172678,0.00296727,0.170177
753,0.0177397,0.00302617,0.168961
753.05,0.018033,0.00306324,0.168263
753.1,0.0180888,0.00306809,0.168014
753.15,0.0179375,0.00304399,0.168098
753.2,0.0178269,0.0030277,0.168234
753.25,0.0176734,0.00300676,0.168515
753.3,0.0175323,0.00298924,0.168875
753.35,0.0174208,0.00297702,0.169253
753.4,0.0172503,0.00295781,0.169813
753.45,0.0168651,0.00290989,0.170857
753.5,0.0158513,0.00278481,0.173908
753.55,0.0147919,0.00265814,0.177804
753.6,0.0137997,0.00254346,0.182268
753.65,0.012871,0.00243898,0.187273
753.7,0.0119888,0.0023418,0.192904
753.75,0.0111536,0.00225134,0.199173
753.8,0.0102961,0.00215942,0.206736
753.85,0.00954147,0.00207909,0.214546
753.9,0.00885109,0.0020061,0.222885
753.95,0.00816526,0.00193349,0.232511
754,0.0075502,0.00186793,0.242532
754.05,0.00699045,0.0018079,0.253079
754.1,0.00646941,0.00175134,0.264374
754.15,0.00596047,0.00169518,0.277087
754.2,0.0054688,0.00163963,0.291287
754.25,0.00503797,0.00158977,0.305668
754.3,0.00465641,0.0015445,0.320273
754.35,0.00430315,0.00150134,0.335688
754.4,0.00397622,0.00146009,0.351919
754.45,0.00367376,0.00142056,0.368968
754.5,0.00339401,0.00138257,0.386832
754.55,0.00313536,0.00134598,0.4055
754.6,0.00289621,0.00131065,0.424964
754.65,0.00267509,0.00127646,0.445212
754.7,0.00247061,0.00124328,0.466228
754.75,0.00228147,0.00121102,0.487989
754.8,0.00210651,0.00117959,0.510469
754.85,0.00194461,0.0011489,0.533636
754.9,0.00179479,0.00111889,0.557453
754.95,0.00165611,0.00108948,0.581877
755,0.18171,-0.161267,-0.725862
755.05,0.192098,-0.164631,-0.708551
755.1,0.198754,-0.162041,-0.683992
755.15,0.193332,-0.154131,-0.673054
755.2,0.00109343,0.000949289,0.71495
755.25,0.184155,-0.147177,-0.674254
755.3,0.000900498,0.000893287,0.781378
755.35,0.000813156,0.000866485,0.817138
755.4,0.000718394,0.000837341,0.861707
755.45,0.000609894,0.000803618,0.921601
755.5,0.000489322,0.000765021,1.00175
755.55,0.000383359,0.000728931,1.08663
755.6,0.200575,-0.146696,-0.631475
755.65,0.197065,-0.14095,-0.620887
755.7,0.213333,-0.143464,-0.592021
755.75,0.19787,-0.12583,-0.566414
755.8,0.209719,-0.135198,-0.572615
755.85,0.190957,-0.124641,-0.578283
755.9,-6.99322e-05,0.000530953,1.70175
755.95,-0.00011178,0.000507776,1.78748
756,-0.006054,-0.240712,-1.59594
756.05,0.000690236,-0.244522,-1.56797
756.1,0.00293765,-0.244052,-1.55876
756.15,0.00221229,-0.245527,-1.56179
756.2,-0.000426196,-0.248714,-1.57251
756.25,0.0119092,-0.245221,-1.52227
756.3,0.00502176,-0.249775,-1.55069
756.35,0.0129429,-0.25549,-1.52018
756.4,0.0111573,-0.253951,-1.52689
756.45,0.00335949,-0.254843,-1.55761
756.5,0.00526461,-0.251099,-1.54983
756.55,0.00311645,-0.256158,-1.55863
756.6,-0.00167772,-0.25832,-1.57729
756.65,-0.00552092,-0.25162,-1.59273
756.7,-0.00288661,-0.257797,-1.58199
756.75,-0.000205415,-0.254836,-1.5716
756.8,-0.0104198,-0.245973,-1.61313
756.85,-0.0108006,-0.242274,-1.61535
756.9,-0.0225827,-0.243386,-1.66332
756.95,-0.0217608,-0.240475,-1.66104
757,-0.0236014,-0.238341,-1.6695
757.05,-0.0358733,-0.235017,-1.72227
757.1,-0.0403762,-0.235479,-1.74061
757.15,-0.0694847,-0.238463,-1.85433
757.2,-0.0613404,-0.233958,-1.82721
757.25,-0.108174,-0.242003,-1.99115
757.3,-0.126403,-0.233277,-2.06737
757.35,-0.123752,-0.237761,-2.0507
757.4,-0.118648,-0.234687,-2.03888
757.45,-0.116917,-0.242565,-2.01994
757.5,-0.111889,-0.23415,-2.01657
757.55,-0.105965,-0.233789,-1.99635
757.6,-0.0954388,-0.222186,-1.97651
757.65,-0.101036,-0.240783,-1.9681
757.7,-0.0879008,-0.21327,-1.96174
757.75,-0.000942813,0.000248265,2.88411
757.8,-0.000960922,0.000257757,2.87952
757.85,-0.00097542,0.000266293,2.87508
757.9,-0.000983548,0.000271699,2.87207
757.95,-0.000987694,0.000274874,2.87016
758,-0.000989256,0.000276247,2.86928
758.05,-0.000989414,0.000276397,2.86918
758.1,-0.000989495,0.000276484,2.86912
758.15,-0.000989565,0.000276578,2.86905
758.2,-0.000989627,0.000276676,2.86898
758.25,-0.000989679,0.000276779,2.86889
758.3,-0.000989722,0.000276885,2.86881
758.35,-0.000989758,0.000276994,2.86871
758.4,-0.000989785,0.000277106,2.86862
758.45,-0.000989804,0.000277219,2.86851
758.5,-0.000989814,0.000277333,2.86841
758.55,-0.000989817,0.000277447,2.8683
758.6,-0.000989813,0.000277561,2.8682
758.65,-0.000989802,0.000277675,2.86809
758.7,-0.000989782,0.000277786,2.86798
758.75,-0.000989756,0.000277896,2.86787
758.8,-0.000989721,0.000278004,2.86776
758.85,-0.000989679,0.000278109,2.86765
758.9,-0.00098963,0.000278211,2.86754
758.95,-0.000989574,0.000278309,2.86743
759,-0.000989512,0.000278403,2.86733
759.05,-0.000989443,0.000278492,2.86723
759.1,-0.000989369,0.000278577,2.86713
759.15,-0.000989289,0.000278657,2.86703
759.2,-0.000989204,0.000278732,2.86694
759.25,-0.000989115,0.000278802,2.86685
759.3,-0.000989022,0.000278866,2.86677
759.35,-0.000988925,0.000278925,2.86669
759.4,-0.000988824,0.000278977,2.86661
759.45,-0.000988721,0.000279024,2.86654
759.5,0.215934,-0.0883238,-0.388268
759.55,-0.000988507,0.0002791,2.86641
759.6,-0.000988374,0.000279093,2.86638
759.65,0.214022,-0.0929748,-0.409819
759.7,0.209601,-0.0897086,-0.404406
759.75,0.227254,-0.0927084,-0.387341
759.8,0.220687,-0.0939469,-0.402466
759.85,0.217039,-0.0973506,-0.42164
759.9,0.221225,-0.106454,-0.448499
759.95,0.217248,-0.115393,-0.48826
760,0.236859,-0.123873,-0.481863
760.05,0.22286,-0.126498,-0.516264
760.1,0.239206,-0.133377,-0.508645
760.15,0.232785,-0.137517,-0.533586
760.2,0.235776,-0.142466,-0.543532
760.25,0.230978,-0.144119,-0.557844
760.3,0.241138,-0.153665,-0.567361
760.35,0.233781,-0.15176,-0.575779
760.4,0.236347,-0.159436,-0.593463
760.45,0.230699,-0.160491,-0.607817
760.5,0.235712,-0.166798,-0.615832
760.55,0.237395,-0.168145,-0.616269
760.6,0.227596,-0.172542,-0.648668
760.65,0.222959,-0.171701,-0.656241
760.7,0.231287,-0.181009,-0.664052
760.75,0.218654,-0.176698,-0.679671
760.8,0.215412,-0.174186,-0.679974
760.85,0.216583,-0.183563,-0.703066
760.9,0.21805,-0.184918,-0.703363
760.95,0.218343,-0.188016,-0.710904
761,0.204627,-0.181498,-0.725568
761.05,0.203684,-0.184103,-0.734946
761.1,0.206652,-0.186831,-0.735068
761.15,0.202027,-0.188917,-0.751876
761.2,0.19824,-0.184801,-0.750329
761.25,0.220649,-0.204495,-0.747421
761.3,-0.000427548,0.000575353,2.20987
761.35,-0.000414828,0.000591627,2.1823
761.4,-0.000402804,0.000607713,2.15613
761.45,-0.000392357,0.000622105,2.13348
761.5,-0.000384886,0.000631853,2.11791
761.55,-0.000382108,0.000635221,2.11234
761.6,0.210757,-0.180588,-0.70846
761.65,0.206221,-0.186134,-0.734247
761.7,0.204068,-0.188849,-0.746683
761.75,0.199515,-0.193713,-0.770643
761.8,0.192675,-0.19725,-0.79713
761.85,0.194681,-0.20831,-0.819206
761.9,0.185992,-0.205796,-0.835903
761.95,0.19946,-0.216985,-0.827454
762,-0.000306212,0.000704507,1.98081
762.05,-0.000289752,0.000722141,1.95237
762.1,-0.000274647,0.000739022,1.92661
762.15,-0.000260181,0.000755393,1.9025
762.2,-0.00024908,0.000767784,1.8845
762.25,-0.000244863,0.000772106,1.8779
762.3,0.216464,-0.21598,-0.784278
762.35,0.201694,-0.213146,-0.812997
762.4,0.201668,-0.219118,-0.826845
762.45,0.185529,-0.220278,-0.87082
762.5,0.185618,-0.230363,-0.892551
762.55,0.180753,-0.231555,-0.907996
762.6,0.192142,-0.250806,-0.917071
762.65,0.196305,-0.25204,-0.909076
762.7,-0.000161657,0.000836077,1.76179
762.75,-0.000143478,0.000852476,1.73754
762.8,-0.000127809,0.00086728,1.71711
762.85,-0.00011419,0.000880089,1.69982
762.9,-0.000105402,0.000887692,1.68898
762.95,-0.000100284,0.000891443,1.68282
763,0.222278,-0.270617,-0.883158
763.05,0.183312,-0.232748,-0.903663
763.1,0.183492,-0.236726,-0.911407
763.15,0.176829,-0.243961,-0.943601
763.2,0.175136,-0.254749,-0.968519
763.25,0.175021,-0.26532,-0.987659
763.3,0.168317,-0.26664,-1.00771
763.35,0.162744,-0.263478,-1.01748
763.4,0.171354,-0.269171,-1.0039
763.45,2.68162e-05,0.000957748,1.5428
763.5,4.81984e-05,0.000970951,1.5212
763.55,6.83559e-05,0.000984067,1.50145
763.6,8.97523e-05,0.000997559,1.48107
763.65,0.000112868,0.00101108,1.45962
763.7,0.000137448,0.00102379,1.43734
763.75,0.000158897,0.0010325,1.4181
763.8,0.000174353,0.00103687,1.4042
763.85,0.198146,-0.301539,-0.989436
763.9,0.165849,-0.267361,-1.01557
763.95,0.166963,-0.272613,-1.02127
764,0.160635,-0.278342,-1.04737
764.05,0.149881,-0.278728,-1.07742
764.1,0.152642,-0.30049,-1.10079
764.15,0.148203,-0.303465,-1.1165
764.2,0.133011,-0.287515,-1.1375
764.25,0.150717,-0.325328,-1.13696
764.3,0.149628,-0.315097,-1.12746
764.35,0.000586917,0.0011149,1.08623
764.4,0.000657632,0.00112894,1.04333
764.45,0.000726316,0.0011426,1.00456
764.5,0.000810468,0.00115711,0.959784
764.55,0.000915931,0.0011727,0.907723
764.6,0.0010555,0.00119068,0.845507
764.65,0.00121013,0.00120845,0.784703
764.7,0.0013577,0.00122326,0.733355
764.75,0.172733,-0.363275,-1.12695
764.8,0.145512,-0.30747,-1.12877
764.85,0.140491,-0.307884,-1.14271
764.9,0.150304,-0.339993,-1.15455
764.95,0.13831,-0.341318,-1.1858
765,0.127823,-0.341017,-1.21218
765.05,0.114572,-0.333411,-1.2398
765.1,0.107539,-0.335041,-1.26021
765.15,0.108678,-0.345509,-1.26605
765.2,0.11081,-0.358446,-1.27098
765.25,0.102979,-0.352258,-1.28638
765.3,0.117798,-0.389323,-1.27698
765.35,0.00491963,0.00150324,0.29655
765.4,0.00571684,0.00156069,0.266504
765.45,0.00660066,0.00162327,0.24114
765.5,0.00737072,0.00167915,0.22399
765.55,0.00797568,0.0017249,0.21299
765.6,0.00845056,0.00176211,0.205574
765.65,0.00887167,0.0017937,0.199494
765.7,0.00915807,0.00181387,0.195532
765.75,0.00942965,0.00183242,0.191934
765.8,0.0097227,0.00185062,0.18809
765.85,0.0100495,0.0018689,0.18387
765.9,0.0104441,0.00189077,0.179098
765.95,0.0109369,0.00191864,0.173661
766,0.0115473,0.00195331,0.16757
766.05,0.0123074,0.00199669,0.160833
766.1,0.0132858,0.00205572,0.153512
766.15,0.0143546,0.0021218,0.146751
766.2,0.0155109,0.00219477,0.140565
766.25,0.0167632,0.00227552,0.134921
766.3,0.0180628,0.00236013,0.129927
766.35,0.0194403,0.00244863,0.125297
766.4,0.0209043,0.00254126,0.120973
766.45,0.0224591,0.00263811,0.116927
766.5,0.0240981,0.00273841,0.113151
766.55,0.0252696,0.00280317,0.110479
766.6,0.0260766,0.00283944,0.108461
766.65,0.026631,0.00285777,0.106901
766.7,0.0268406,0.00285348,0.105914
766.75,0.0269806,0.00284425,0.105031
766.8,0.0271076,0.00283622,0.104249
766.85,0.0272183,0.00282863,0.103552
766.9,0.027312,0.00282154,0.102943
766.95,0.0273879,0.002815,0.102423
767,0.0274451,0.00280903,0.101996
767.05,0.0274834,0.00280365,0.101661
767.1,0.0275023,0.00279888,0.10142
767.15,0.0275015,0.00279471,0.101273
767.2,0.0274811,0.00279113,0.101218
767.25,0.027441,0.00278811,0.101257
767.3,0.0273813,0.00278562,0.101385
767.35,0.0273025,0.0027836,0.101603
767.4,0.0272048,0.00278199,0.101907
767.45,0.0270889,0.00278073,0.102294
767.5,0.0269554,0.00277974,0.10276
767.55,0.026805,0.00277893,0.103303
767.6,0.0266387,0.00277823,0.103917
767.65,0.0264575,0.00277755,0.104599
767.7,0.0262624,0.00277682,0.105342
767.75,0.0260544,0.00277594,0.106144
767.8,0.0258349,0.00277486,0.106997
767.85,0.0256051,0.0027735,0.107898
767.9,0.0249639,0.00273656,0.109185
767.95,0.0235112,0.00263935,0.111791
768,0.0219259,0.0025373,0.11521
768.05,0.0204614,0.00244857,0.119102
768.1,0.0190696,0.00236795,0.123542
768.15,0.0177517,0.00229455,0.128546
768.2,0.0165078,0.00222762,0.134134
768.25,0.0153372,0.00216644,0.140326
768.3,0.0142385,0.00211034,0.147143
768.35,0.0132097,0.00205872,0.154606
768.4,0.0122484,0.00201101,0.162734
768.45,0.0113517,0.00196673,0.171551
768.5,0.0105165,0.00192541,0.181079
768.55,0.00973969,0.00188667,0.191339
768.6,0.00901788,0.00185014,0.202356
768.65,0.00834773,0.00181552,0.214152
768.7,0.00772591,0.00178252,0.226752
768.75,0.00714918,0.00175091,0.240183
768.8,0.00661442,0.00172046,0.254469
768.85,0.0061186,0.00169098,0.269637
768.9,0.00565892,0.0016623,0.285712
768.95,0.00523265,0.00163429,0.302726
769,0.00483705,0.00160679,0.320715
769.05,0.00447016,0.00157971,0.339692
769.1,0.00412988,0.00155298,0.359677
769.15,0.00381432,0.00152652,0.380685
769.2,0.00352185,0.0015003,0.402714
769.25,0.00325071,0.00147426,0.425776
769.3,0.00299938,0.00144837,0.449867
769.35,0.00276725,0.00142271,0.474883
769.4,0.00255094,0.00139687,0.50099
769.45,0.00233484,0.00136855,0.530168
769.5,0.00205662,0.00132828,0.573458
769.55,0.00176099,0.00128314,0.629694
769.6,0.00149049,0.00123996,0.693899
769.65,0.00125527,0.00120038,0.763047
769.7,0.00105098,0.00116385,0.836316
769.75,0.194528,-0.150418,-0.658214
769.8,0.18932,-0.143147,-0.6474
769.85,0.200927,-0.143183,-0.619139
769.9,0.18491,-0.128255,-0.606424
769.95,0.000363449,0.00101307,1.22634
770,0.000266628,0.000986203,1.30675
770.05,0.000181881,0.000960888,1.38372
770.1,0.000107876,0.000936984,1.45617
770.15,4.66136e-05,0.000915668,1.51993
770.2,0.194784,-0.134411,-0.604018
770.25,0.207257,-0.14033,-0.595177
770.3,0.199116,-0.132725,-0.587935
770.35,0.211261,-0.132012,-0.558508
770.4,0.240714,-0.141494,-0.531406
770.45,0.214852,-0.1254,-0.528317
770.5,0.1965,-0.11204,-0.518202
770.55,0.199227,-0.117644,-0.533408
770.6,-0.000184699,0.000787469,1.80118
770.65,-0.000212422,0.000767738,1.84073
770.7,-0.000238391,0.000749212,1.87886
770.75,-0.000258614,0.000734501,1.90934
770.8,-0.000270868,0.000726305,1.92776
770.85,0.204781,-0.124915,-0.547735
770.9,0.21277,-0.127274,-0.539076
770.95,0.23516,-0.129953,-0.504848
771,0.226081,-0.12566,-0.507301
771.05,0.226918,-0.116627,-0.474752
771.1,0.23121,-0.117761,-0.471079
771.15,0.226992,-0.108436,-0.445657
771.2,0.210598,-0.101464,-0.448972
771.25,0.201132,-0.0999329,-0.461126
771.3,-0.000375999,0.000609997,2.12318
771.35,-0.000390812,0.00059117,2.15492
771.4,-0.000404896,0.000573608,2.18545
771.45,-0.000417022,0.00055866,2.21203
771.5,-0.00042247,0.000552918,2.22324
771.55,0.21737,-0.115459,-0.488268
771.6,0.216141,-0.109974,-0.470669
771.65,0.227348,-0.110062,-0.450857
771.7,0.210378,-0.123691,-0.531509
771.75,0.206348,-0.117823,-0.518818
771.8,0.190683,-0.123477,-0.574651
771.85,0.0458405,-0.213915,-1.3597
771.9,0.0064236,-0.247853,-1.54489
771.95,0.0101675,-0.241161,-1.52866
772,0.00943157,-0.241457,-1.53176
772.05,0.0124339,-0.250133,-1.52113
772.1,0.0136356,-0.248249,-1.51592
772.15,0.00972661,-0.244526,-1.53104
772.2,0.00441278,-0.244002,-1.55271
772.25,-0.00224804,-0.249557,-1.5798
772.3,-0.0134961,-0.239739,-1.62703
772.35,0.00511354,-0.245252,-1.54995
772.4,-0.0159252,-0.240426,-1.63694
772.45,-0.0129022,-0.245203,-1.62337
772.5,-0.0231767,-0.238425,-1.6677
772.55,-0.0554926,-0.234373,-1.80329
772.6,-0.0545253,-0.2348,-1.79897
772.65,-0.0688688,-0.230522,-1.86111
772.7,-0.112889,-0.228509,-2.02965
772.75,-0.126108,-0.236323,-2.06098
772.8,-0.121283,-0.238123,-2.04188
772.85,-0.116401,-0.233657,-2.03298
772.9,-0.106349,-0.222602,-2.01649
772.95,-0.103987,-0.217136,-2.01742
773,-0.10238,-0.228335,-1.9923
773.05,-0.0989576,-0.221131,-1.99157
773.1,-0.0923738,-0.226921,-1.95739
773.15,-0.0900663,-0.228595,-1.94612
773.2,-0.0840239,-0.220308,-1.93516
773.25,-0.0818005,-0.211284,-1.94018
773.3,-0.000926157,0.000306841,2.82167
773.35,-0.000943097,0.000315635,2.81863
773.4,-0.000957868,0.000324378,2.81507
773.45,-0.000966589,0.000330234,2.81238
773.5,-0.000971458,0.000334041,2.8104
773.55,-0.000973807,0.000336179,2.80918
773.6,-0.000974487,0.000336893,2.80874
773.65,-0.000974563,0.000336983,2.80868
773.7,-0.00097463,0.000337079,2.80862
773.75,-0.000974688,0.000337179,2.80854
773.8,-0.000974738,0.000337284,2.80846
773.85,-0.000974779,0.000337392,2.80838
773.9,-0.000974811,0.000337503,2.80829
773.95,-0.000974834,0.000337615,2.80819
774,-0.000974849,0.00033773,2.80809
774.05,-0.000974854,0.000337844,2.80799
774.1,-0.00097485,0.000337959,2.80788
774.15,-0.000974837,0.000338073,2.80777
774.2,-0.000974816,0.000338185,2.80766
774.25,-0.000974787,0.000338295,2.80755
774.3,-0.00097475,0.000338403,2.80744
774.35,-0.000974704,0.000338508,2.80733
774.4,-0.000974651,0.000338609,2.80722
774.45,-0.000974591,0.000338706,2.80711
774.5,-0.000974523,0.000338799,2.80701
774.55,-0.00097445,0.000338887,2.8069
774.6,-0.000974371,0.000338969,2.8068
774.65,-0.000974287,0.000339046,2.80671
774.7,-0.000974197,0.000339118,2.80661
774.75,-0.000974104,0.000339183,2.80652
774.8,-0.000974006,0.000339242,2.80644
774.85,-0.000973905,0.000339295,2.80636
774.9,-0.000973801,0.000339342,2.80628
774.95,-0.000973694,0.000339382,2.80621
775,-0.000973585,0.000339416,2.80614
775.05,-0.000973475,0.000339444,2.80608
775.1,-0.000973362,0.000339465,2.80603
775.15,-0.000973249,0.000339479,2.80598
775.2,0.21198,-0.0900283,-0.401618
775.25,0.214575,-0.0891678,-0.393844
775.3,0.223225,-0.0929209,-0.394449
775.35,0.213903,-0.0875291,-0.388412
775.4,0.222914,-0.0950421,-0.403024
775.45,0.226019,-0.0980696,-0.409384
775.5,0.228452,-0.0986714,-0.407711
775.55,0.232446,-0.100355,-0.407561
775.6,0.23167,-0.105371,-0.426864
775.65,0.229913,-0.108764,-0.441869
775.7,0.23524,-0.112026,-0.444443
775.75,0.237586,-0.118144,-0.461461
775.8,0.249215,-0.130976,-0.483882
775.85,0.24248,-0.136189,-0.511744
775.9,0.244124,-0.140264,-0.521503
775.95,0.250015,-0.147116,-0.531866
776,0.263151,-0.15573,-0.53436
776.05,0.260981,-0.164391,-0.562113
776.1,0.250664,-0.163452,-0.577834
776.15,0.253832,-0.169345,-0.58834
776.2,0.250145,-0.169721,-0.596143
776.25,0.247252,-0.174918,-0.615707
776.3,0.260694,-0.188854,-0.626932
776.35,0.258347,-0.193556,-0.642996
776.4,0.255082,-0.195465,-0.653841
776.45,0.252245,-0.196907,-0.662811
776.5,0.253983,-0.199436,-0.665671
776.55,0.244831,-0.197049,-0.677683
776.6,0.251396,-0.209164,-0.693956
776.65,0.243477,-0.207418,-0.705595
776.7,0.244859,-0.21335,-0.716741
776.75,0.236112,-0.209308,-0.725293
776.8,0.226342,-0.208096,-0.743423
776.85,0.23436,-0.2179,-0.74902
776.9,0.232621,-0.217087,-0.750869
776.95,0.220555,-0.213741,-0.76971
777,0.209877,-0.207992,-0.780886
777.05,0.216181,-0.21589,-0.784725
777.1,0.226932,-0.221502,-0.773289
777.15,0.253268,-0.244779,-0.768355
777.2,-0.000348074,0.000562821,2.12467
777.25,-0.000334046,0.000580223,2.09317
777.3,-0.00032113,0.000597097,2.06424
777.35,-0.000310463,0.000611366,2.04068
777.4,-0.000304476,0.000618983,2.02794
777.45,-0.0003022,0.000621668,2.02327
777.5,0.257407,-0.229545,-0.728242
777.55,0.231002,-0.21605,-0.751964
777.6,0.225136,-0.220105,-0.7741
777.65,0.197729,-0.141409,-0.620831
777.7,0.215005,-0.233717,-0.827073
777.75,0.220145,-0.245587,-0.839972
777.8,0.226598,-0.255691,-0.845647
777.85,-0.000249425,0.000668866,1.92773
777.9,-0.000235253,0.000683567,1.90225
777.95,-0.000221579,0.000698325,1.87805
778,-0.000209199,0.000711943,1.85659
778.05,-0.000198245,0.000723955,1.83808
778.1,-0.000192555,0.000729719,1.82879
778.15,-0.000191083,0.000731,1.82647
778.2,0.241681,-0.257467,-0.817014
778.25,0.212024,-0.23725,-0.841487
778.3,0.212135,-0.242037,-0.851141
778.35,0.201942,-0.243428,-0.878279
778.4,0.210434,-0.262809,-0.895621
778.45,0.195444,-0.260675,-0.927448
778.5,0.201587,-0.274249,-0.936932
778.55,0.214361,-0.292143,-0.937774
778.6,-0.000108251,0.000788145,1.70729
778.65,-8.83915e-05,0.000804139,1.68028
778.7,-7.0274e-05,0.000819191,1.65637
778.75,-5.29366e-05,0.000833798,1.6342
778.8,-3.86944e-05,0.000845872,1.61651
778.85,-2.93227e-05,0.000853047,1.60516
778.9,-2.42867e-05,0.000855989,1.59916
778.95,0.229486,-0.294809,-0.90935
779,0.189897,-0.258431,-0.937091
779.05,0.195188,-0.269242,-0.943517
779.1,0.195876,-0.282953,-0.965286
779.15,0.186079,-0.29063,-1.0013
779.2,0.17518,-0.287284,-1.02322
779.25,0.175724,-0.299143,-1.03967
779.3,0.189629,-0.324856,-1.04243
779.35,0.208984,-0.345208,-1.02643
779.4,0.000118747,0.000919204,1.44232
779.45,0.000140928,0.000931675,1.42067
779.5,0.000164615,0.000944683,1.39827
779.55,0.000190613,0.000957911,1.37437
779.6,0.000215768,0.000969069,1.35172
779.65,0.000238414,0.000976413,1.33131
779.7,0.000255653,0.000980003,1.31561
779.75,0.212456,-0.329148,-0.997611
779.8,0.18251,-0.298862,-1.02256
779.85,0.181993,-0.305702,-1.03382
779.9,0.172789,-0.314833,-1.06885
779.95,0.168253,-0.323913,-1.09172
780,0.156429,-0.32494,-1.12213
780.05,0.159262,-0.339821,-1.13253
780.1,0.161595,-0.356931,-1.14567
780.15,0.180759,-0.385352,-1.13219
780.2,0.000730321,0.00106381,0.969181
780.25,0.000821435,0.00108027,0.920675
780.3,0.000909533,0.00109618,0.878187
780.35,0.00101796,0.00111375,0.830302
780.4,0.00115945,0.00113377,0.7742
780.45,0.00134261,0.00115706,0.711304
780.5,0.00154337,0.00118019,0.652833
780.55,0.00173929,0.00120081,0.604255
780.6,0.18361,-0.385266,-1.12606
780.65,0.15571,-0.342155,-1.14372
780.7,0.16843,-0.369567,-1.14317
780.75,0.169734,-0.391271,-1.16149
780.8,0.156586,-0.392981,-1.19162
780.85,0.130877,-0.366849,-1.22811
780.9,0.135212,-0.399371,-1.24435
780.95,0.108841,-0.359817,-1.27706
781,0.122057,-0.406494,-1.27909
781.05,0.106497,-0.366786,-1.28821
781.1,0.124536,-0.434665,-1.29176
781.15,0.0053664,0.00151969,0.275962
781.2,0.00627851,0.00159475,0.248741
781.25,0.00728057,0.00167587,0.226244
781.3,0.00825581,0.00175543,0.20951
781.35,0.00913702,0.0018303,0.197701
781.4,0.00990074,0.00190072,0.18967
781.45,0.0107014,0.00197633,0.182623
781.5,0.0115648,0.00205886,0.176183
781.55,0.0124951,0.00214899,0.170321
781.6,0.0134967,0.00224746,0.165006
781.65,0.0145245,0.00234766,0.160249
781.7,0.0153923,0.00242751,0.156421
781.75,0.0160371,0.00248193,0.153543
781.8,0.0164011,0.00250746,0.151709
781.85,0.016638,0.00252044,0.150344
781.9,0.0168372,0.00252996,0.149144
781.95,0.0170589,0.00253585,0.147572
782,0.0175777,0.00256096,0.144675
782.05,0.0184183,0.00260283,0.140388
782.1,0.0197244,0.00266957,0.134526
782.15,0.0211993,0.00274448,0.128745
782.2,0.0227678,0.0028214,0.123292
782.25,0.0244367,0.00290034,0.118135
782.3,0.0262073,0.00298103,0.113261
782.35,0.0280795,0.0030632,0.10866
782.4,0.0300583,0.00314686,0.104312
782.45,0.0321415,0.00323166,0.100208
782.5,0.0343293,0.0033175,0.0963385
782.55,0.0366231,0.00340436,0.0926902
782.6,0.03901,0.00349174,0.0892708
782.65,0.0415493,0.00358175,0.0859923
782.7,0.0443692,0.00367427,0.0826229
782.75,0.0472948,0.00376241,0.0793852
782.8,0.049259,0.00377769,0.0765405
782.85,0.0506518,0.00374686,0.0738384
782.9,0.051354,0.00369289,0.0717869
782.95,0.0518514,0.00363338,0.0699587
783,0.0523142,0.00354222,0.0676073
783.05,0.0541156,0.00345766,0.0638073
783.1,0.0567051,0.00337686,0.0594811
783.15,0.0594641,0.00328963,0.0552649
783.2,0.062279,0.00319401,0.0512406
783.25,0.0651342,0.003091,0.0474203
783.3,0.0680037,0.00298296,0.0438366
783.35,0.0708677,0.00287276,0.0405147
783.4,0.0739688,0.0027476,0.0371283
783.45,0.0760211,0.00261543,0.0343904
783.5,0.0770155,0.00246019,0.0319332
783.55,0.07709,0.00233637,0.0302978
783.6,0.0755943,0.00216389,0.0286173
783.65,0.0727802,0.00192035,0.0263794
783.7,0.0712186,0.00163079,0.0228943
783.75,0.07046,0.00134777,0.0191259
783.8,0.0698862,0.00109722,0.0156988
783.85,0.0692693,0.000890424,0.0128538
783.9,0.0683408,0.000740341,0.0108327
783.95,0.0676622,0.000625976,0.00925123
784,0.0670443,0.000553402,0.00825408
784.05,0.0664614,0.0005218,0.00785102
784.1,0.0659059,0.000529705,0.00803713
784.15,0.0653771,0.000575533,0.00880304
784.2,0.0648634,0.000657903,0.0101426
784.25,0.0643968,0.000774259,0.0120227
784.3,0.0641637,0.000920436,0.0143441
784.35,0.0639665,0.00109947,0.0171866
784.4,0.0637488,0.00131225,0.0205818
784.45,0.063498,0.00155716,0.0245181
784.5,0.0632084,0.00183281,0.0289881
784.55,0.0628744,0.00213728,0.0339797
784.6,0.0624839,0.00246812,0.0394795
784.65,0.0620305,0.00282267,0.0454732
784.7,0.0609046,0.00313251,0.0513877
784.75,0.0587908,0.0033406,0.0567608
784.8,0.0563215,0.00349674,0.0620059
784.85,0.05388,0.00364138,0.0674806
784.9,0.0514662,0.00377182,0.0731566
784.95,0.0492703,0.00387831,0.0785529
785,0.0488779,0.00398322,0.0813135
785.05,0.0485222,0.00408759,0.0840433
785.1,0.0480505,0.0041875,0.0869281
785.15,0.0475712,0.00428563,0.0898462
785.2,0.0470802,0.00438201,0.092808
785.25,0.0465676,0.00447504,0.0958035
785.3,0.0460129,0.00456448,0.0988767
785.35,0.0454586,0.00465003,0.101937
785.4,0.0448819,0.00473063,0.105014
785.45,0.0442583,0.00480606,0.108167
785.5,0.043653,0.00487601,0.111238
785.55,0.0430009,0.00493969,0.114373
785.6,0.0423857,0.00499773,0.117369
785.65,0.0417201,0.00504881,0.12043
785.7,0.0410972,0.00509446,0.123332
785.75,0.0404241,0.00513324,0.126309
785.8,0.0397445,0.00516547,0.129243
785.85,0.0390738,0.00519199,0.132103
785.9,0.0384088,0.00521263,0.13489
785.95,0.0377286,0.00522688,0.137663
786,0.0370626,0.00523609,0.140348
786.05,0.0363993,0.00524002,0.142977
786.1,0.0357359,0.00523886,0.145563
786.15,0.0350926,0.00523352,0.148044
786.2,0.0344524,0.00522372,0.150475
786.25,0.0338328,0.00521051,0.152807
786.3,0.0332519,0.00519473,0.154971
786.35,0.0326783,0.00517568,0.157078
786.4,0.0321124,0.00515363,0.15913
786.45,0.0315548,0.00512886,0.161129
786.5,0.0310064,0.00510164,0.163074
786.55,0.0304677,0.00507224,0.164966
786.6,0.0299393,0.0050409,0.166806
786.65,0.0294215,0.00500787,0.168595
786.7,0.0289149,0.00497336,0.170334
786.75,0.0284195,0.0049376,0.172023
786.8,0.0279355,0.00490077,0.173664
786.85,0.0274631,0.00486305,0.175259
786.9,0.0265744,0.00478086,0.178001
786.95,0.024879,0.00459622,0.182684
787,0.0229548,0.00437171,0.188195
787.05,0.0212476,0.00416242,0.19345
787.1,0.0195651,0.00394587,0.19901
787.15,0.0179725,0.00373268,0.204778
787.2,0.0165007,0.00352894,0.210692
787.25,0.0151425,0.00333535,0.216803
787.3,0.0138904,0.00315234,0.223164
787.35,0.0127374,0.00298011,0.229831
787.4,0.0116767,0.00281866,0.236861
787.45,0.0108231,0.0026874,0.24338
787.5,0.00996558,0.00255546,0.25102
787.55,0.00912209,0.00242629,0.259961
787.6,0.00834363,0.00230786,0.269854
787.65,0.00762678,0.00219917,0.280734
787.7,0.00700983,0.00210537,0.291773
787.75,0.00653433,0.00203242,0.301551
787.8,0.00611933,0.00196903,0.31131
787.85,0.00575626,0.00191375,0.320968
787.9,0.00547485,0.00187097,0.329296
787.95,0.00532343,0.00184809,0.334144
788,0.00517566,0.00182462,0.338934
788.05,0.00499365,0.00179577,0.34521
788.1,0.00473796,0.00175429,0.35461
788.15,0.0043962,0.00169938,0.368863
788.2,0.004046,0.00164415,0.385982
788.25,0.00369228,0.0015897,0.406559
788.3,0.00336542,0.00154021,0.429204
788.35,0.00306342,0.00149521,0.454071
788.4,0.00278489,0.00145446,0.481303
788.45,0.00252451,0.00141655,0.511341
788.5,0.00226099,0.00137803,0.547359
788.55,0.00193203,0.00132752,0.602022
788.6,0.00164604,0.00127991,0.660915
788.65,0.00143227,0.00124181,0.714292
788.7,0.00124198,0.00120546,0.770477
788.75,0.00104971,0.00116637,0.837992
788.8,0.000846637,0.001124,0.925228
788.85,0.000660686,0.0010833,1.02314
788.9,0.000498606,0.00104562,1.12584
788.95,0.000357977,0.00101068,1.23039
789,0.000236003,0.000978095,1.33403
789.05,0.000130347,0.000947556,1.43409
789.1,3.81965e-05,0.000918707,1.52924
789.15,-1.59953e-05,0.000902725,1.58851
789.2,-5.08427e-05,0.000896239,1.62746
789.25,-7.32463e-05,0.000891665,1.65276
789.3,-8.90373e-05,0.000888033,1.67073
789.35,-9.98792e-05,0.00088545,1.68312
789.4,-0.000110701,0.000882584,1.69557
789.45,-0.00012792,0.000878603,1.71538
789.5,0.199071,-0.112805,-0.515542
789.55,0.209095,-0.121027,-0.524696
789.6,0.219757,-0.122326,-0.50793
789.65,0.218774,-0.115003,-0.483973
789.7,0.223935,-0.110617,-0.458813
789.75,0.223961,-0.115517,-0.4762
789.8,-0.000313221,0.000795675,1.94582
789.85,-0.000339326,0.000775233,1.98338
789.9,-0.000362756,0.000755198,2.0186
789.95,-0.000379102,0.000740052,2.04421
790,-0.000388559,0.000732167,2.0587
790.05,-0.000394433,0.000728366,2.06711
790.1,0.206869,-0.107553,-0.479449
790.15,0.201826,-0.107564,-0.489662
790.2,0.209674,-0.102969,-0.456497
790.25,0.206104,-0.0931096,-0.424317
790.3,0.218739,-0.100152,-0.429372
790.35,0.209848,-0.0897873,-0.404298
790.4,-0.000458376,0.000669914,2.17086
790.45,-0.000472477,0.000650968,2.19863
790.5,-0.000485302,0.00063235,2.22538
790.55,-0.00049648,0.000615937,2.24922
790.6,-0.000501737,0.000607746,2.26094
790.65,-0.000503174,0.000606042,2.26372
790.7,-0.000504835,0.000603961,2.26703
790.75,0.229168,-0.0996123,-0.410033
790.8,0.218733,-0.0969125,-0.417071
790.85,0.216747,-0.0957884,-0.416129
790.9,0.228136,-0.0942936,-0.391938
790.95,0.219155,-0.0869079,-0.377537
791,0.220841,-0.0810594,-0.351781
791.05,0.215594,-0.0766952,-0.341779
791.1,0.0111422,-0.239256,-1.52426
791.15,-0.000554026,0.000513605,2.39404
791.2,-0.00993825,-0.239765,-1.61222
791.25,0.00856778,-0.236133,-1.53453
791.3,-0.000574682,0.000477033,2.44878
791.35,-0.0180457,-0.229949,-1.64911
791.4,0.0113085,-0.230438,-1.52176
791.45,-0.00263737,-0.234128,-1.58206
791.5,0.0036743,-0.231302,-1.55491
791.55,0.0040753,-0.232583,-1.55328
791.6,-0.0652754,-0.213798,-1.86712
791.65,-0.077284,-0.219531,-1.90929
791.7,-0.125993,-0.215568,-2.09972
791.75,-0.127867,-0.216427,-2.10443
791.8,-0.124442,-0.221182,-2.08328
791.85,-0.121084,-0.220344,-2.07327
791.9,-0.118575,-0.220185,-2.06479
791.95,-0.11314,-0.21883,-2.04797
792,-0.111504,-0.21749,-2.04454
792.05,-0.110305,-0.227426,-2.02238
792.1,-0.104689,-0.230363,-1.99735
792.15,-0.104305,-0.234112,-1.98993
792.2,-0.101086,-0.238245,-1.97207
792.25,-0.0923107,-0.222602,-1.9639
792.3,-0.0869617,-0.220596,-1.9463
792.35,-0.0846546,-0.226653,-1.92825
792.4,-0.000903806,0.000361506,2.7611
792.45,-0.00092474,0.000367037,2.76375
792.5,-0.00094522,0.000372942,2.76579
792.55,-0.000966085,0.000379369,2.76741
792.6,-0.000987446,0.000386433,2.76857
792.65,-0.00100879,0.000393544,2.76964
792.7,-0.00102274,0.000397372,2.77101
792.75,-0.0010305,0.000398912,2.77225
792.8,-0.00103553,0.000400239,2.77277
792.85,-0.00103989,0.000402284,2.77247
792.9,-0.00104319,0.000403584,2.77245
792.95,-0.00104392,0.000403803,2.7725
793,-0.00104404,0.00040383,2.77252
793.05,-0.0949247,-0.216904,-1.98332
793.1,-0.096983,-0.230415,-1.96919
793.15,-0.101446,-0.232727,-1.98186
793.2,-0.0959916,-0.228346,-1.96875
793.25,-0.0902797,-0.2222,-1.95672
793.3,-0.0829563,-0.224319,-1.92501
793.35,-0.0847269,-0.233005,-1.91956
793.4,-0.0731534,-0.237578,-1.8695
793.45,-0.06846,-0.222532,-1.86925
793.5,-0.0626456,-0.218648,-1.84983
793.55,-0.065104,-0.218898,-1.85988
793.6,-0.00111605,0.000419418,2.78212
793.65,-0.00113357,0.000425966,2.78214
793.7,-0.00115085,0.000432944,2.78177
793.75,-0.00116677,0.000439126,2.78163
793.8,-0.00117487,0.000443422,2.7807
793.85,-0.00118023,0.000446777,2.77971
793.9,-0.00118379,0.000449361,2.7788
793.95,-0.00118613,0.00045135,2.77799
794,-0.00118751,0.000452731,2.77736
794.05,-0.00118784,0.000453105,2.77718
794.1,-0.00118792,0.000453221,2.77711
794.15,-0.00118799,0.000453343,2.77704
794.2,-0.00118805,0.000453471,2.77697
794.25,-0.00118809,0.000453604,2.77688
794.3,-0.00118813,0.00045374,2.77679
794.35,-0.00118816,0.000453879,2.7767
794.4,-0.00118817,0.00045402,2.7766
794.45,-0.00118817,0.000454162,2.77649
794.5,-0.00118816,0.000454303,2.77639
794.55,-0.00118814,0.000454443,2.77628
794.6,-0.00118811,0.000454582,2.77617
794.65,-0.00118807,0.000454717,2.77606
794.7,-0.00118802,0.000454849,2.77595
794.75,-0.00118796,0.000454977,2.77584
794.8,-0.00118789,0.0004551,2.77573
794.85,-0.00118781,0.000455217,2.77562
794.9,-0.00118772,0.000455328,2.77551
794.95,-0.00118763,0.000455433,2.77541
795,-0.00118752,0.00045553,2.77531
795.05,-0.00118741,0.000455621,2.77521
795.1,-0.0011873,0.000455703,2.77512
795.15,-0.00118718,0.000455778,2.77503
795.2,-0.00118706,0.000455844,2.77494
795.25,-0.00118693,0.000455903,2.77486
795.3,-0.0011868,0.000455953,2.77479
795.35,-0.00118666,0.000455994,2.77472
795.4,-0.00118652,0.000456027,2.77466
795.45,-0.00118639,0.000456052,2.7746
795.5,-0.00118625,0.000456068,2.77455
795.55,-0.00118611,0.000456077,2.77451
795.6,-0.00118596,0.000456077,2.77447
795.65,-0.00118582,0.000456069,2.77443
795.7,-0.00118172,0.000455476,2.77371
795.75,-0.00116841,0.00045319,2.77159
795.8,-0.00115242,0.000449687,2.76955
795.85,-0.00113447,0.000444743,2.76798
795.9,-0.00111623,0.000438645,2.76716
795.95,-0.00109841,0.00043157,2.76722
796,-0.00108094,0.000423521,2.76817
796.05,-0.00106386,0.000414535,2.77004
796.1,-0.00104722,0.000404652,2.77286
796.15,-0.00103102,0.000393908,2.77665
796.2,0.00867891,-0.242489,-1.53502
796.25,0.0226543,-0.230574,-1.47286
796.3,0.0228253,-0.234262,-1.47367
796.35,0.0170565,-0.244774,-1.50123
796.4,0.0146652,-0.241188,-1.51007
796.45,0.0366375,-0.240664,-1.41972
796.5,0.0360357,-0.243367,-1.42379
796.55,0.0352037,-0.245259,-1.42823
796.6,0.0487428,-0.243012,-1.37285
796.65,0.0512733,-0.239175,-1.35962
796.7,0.058581,-0.24755,-1.33843
796.75,0.0614277,-0.24707,-1.32711
796.8,0.0722211,-0.250871,-1.29049
796.85,0.0715539,-0.252509,-1.29466
796.9,0.0797059,-0.256117,-1.26909
796.95,0.0787053,-0.25529,-1.27174
797,0.0874137,-0.254208,-1.2396
797.05,0.0929387,-0.256923,-1.2237
797.1,0.0926123,-0.256245,-1.22398
797.15,0.0965661,-0.257921,-1.21255
797.2,0.10756,-0.265945,-1.18646
797.25,0.113021,-0.260783,-1.16184
797.3,0.124106,-0.263175,-1.13015
797.35,0.134796,-0.263864,-1.0985
797.4,0.152094,-0.269073,-1.05632
797.45,0.160474,-0.272559,-1.03868
797.5,0.170979,-0.267981,-1.00288
797.55,0.18794,-0.270202,-0.96306
797.6,0.199425,-0.27178,-0.937761
797.65,0.207928,-0.273982,-0.921616
797.7,0.231519,-0.278201,-0.876726
797.75,0.254048,-0.281451,-0.836528
797.8,0.273046,-0.286323,-0.809129
797.85,0.30059,-0.293523,-0.773503
797.9,0.328442,-0.306585,-0.750992
797.95,0.386894,-0.32309,-0.695771
798,0.392742,-0.334972,-0.706179
798.05,0.405086,-0.345162,-0.705696
798.1,0.379724,-0.343354,-0.73514
798.15,0.4039,-0.363031,-0.73216
798.2,0.387202,-0.35987,-0.74883
798.25,0.406724,-0.381328,-0.753184
798.3,0.371572,-0.368656,-0.781459
798.35,0.381899,-0.383175,-0.787066
798.4,0.382762,-0.39036,-0.795226
798.45,0.379877,-0.39368,-0.80324
798.5,0.381773,-0.4012,-0.810205
798.55,0.413839,-0.426864,-0.80089
798.6,0.430883,-0.43389,-0.788876
798.65,0.453247,-0.453057,-0.785189
798.7,0.488788,-0.475404,-0.771518
798.75,0.500279,-0.471012,-0.755275
798.8,-5.31627e-05,0.000266102,1.76798
798.85,-4.07289e-05,0.00028225,1.71411
798.9,-2.88876e-05,0.000298593,1.66724
798.95,-1.70506e-05,0.000315164,1.62484
799,-6.54109e-06,0.000329597,1.59064
799.05,-6.95438e-07,0.000336803,1.57286
799.1,6.36156e-07,0.000337724,1.56891
799.15,1.41222e-06,0.000337892,1.56662
799.2,0.50656,-0.464647,-0.742269
799.25,0.477673,-0.456525,-0.762764
799.3,0.448119,-0.461619,-0.800236
799.35,0.410574,-0.453286,-0.834801
799.4,0.420994,-0.481142,-0.851973
799.45,0.423738,-0.500606,-0.868366
799.5,0.44408,-0.524144,-0.867903
799.55,0.453528,-0.5327,-0.865504
799.6,7.37148e-05,0.00039102,1.38446
799.65,9.17575e-05,0.000406484,1.34878
799.7,0.000110776,0.000422572,1.31442
799.75,0.00013053,0.000439294,1.28197
799.8,0.000148213,0.00045318,1.25471
799.85,0.000161494,0.000461905,1.23445
799.9,0.000170074,0.000465983,1.22084
799.95,0.497824,-0.545136,-0.83073
800,0.442258,-0.520738,-0.866715
800.05,0.395754,-0.491314,-0.89271
800.1,0.372111,-0.494585,-0.92578
800.15,0.342173,-0.491612,-0.962746
800.2,0.356907,-0.52998,-0.978122
800.25,0.377001,-0.568754,-0.985437
800.3,0.386287,-0.586553,-0.988419
800.35,0.418805,-0.61873,-0.975757
800.4,0.000341664,0.000537557,1.00462
800.45,0.000387434,0.000556398,0.962542
800.5,0.000436103,0.000575872,0.922644
800.55,0.000490261,0.000596599,0.882927
800.6,0.000545594,0.000617325,0.847002
800.65,0.000601206,0.000637626,0.814789
800.7,0.000645697,0.000653139,0.791128
800.75,0.000672365,0.000662013,0.77764
800.8,0.431137,-0.631644,-0.97187
800.85,0.385463,-0.603766,-1.0026
800.9,0.326505,-0.55048,-1.03545
800.95,0.281355,-0.504965,-1.06246
801,0.267803,-0.526305,-1.1001
801.05,0.250828,-0.528443,-1.12763
801.1,0.25944,-0.567689,-1.14213
801.15,0.284029,-0.64103,-1.15371
801.2,0.304392,-0.669917,-1.14431
801.25,0.328964,-0.720042,-1.14225
801.3,0.00164807,0.000866126,0.483871
801.35,0.00180461,0.000898416,0.461923
801.4,0.00193826,0.000925708,0.445566
801.45,0.00202244,0.000942727,0.436189
801.5,0.00208267,0.000954812,0.429863
801.55,0.00216961,0.00097148,0.420996
801.6,0.00229945,0.000996387,0.408892
801.65,0.00245837,0.00102745,0.395874
801.7,0.00262879,0.00106149,0.383775
801.75,0.00281027,0.00109834,0.372577
801.8,0.0030038,0.00113804,0.362156
801.85,0.00320038,0.00117863,0.352865
801.9,0.00338276,0.0012166,0.345244
801.95,0.00354733,0.00125109,0.339066
802,0.00368996,0.00128113,0.334172
802.05,0.00380711,0.00130582,0.330421
802.1,0.00388507,0.00132213,0.328017
802.15,0.00390487,0.0013262,0.327405
802.2,0.00391634,0.00132852,0.327045
802.25,0.00396348,0.00133828,0.325633
802.3,0.00407962,0.00136191,0.3222
802.35,0.00427195,0.00140109,0.316919
802.4,0.00454637,0.00145744,0.310222
802.45,0.00489098,0.00152927,0.303041
802.5,0.0052694,0.00160963,0.296465
802.55,0.00565802,0.00169334,0.290797
802.6,0.00606961,0.00178267,0.285672
802.65,0.00640947,0.00185619,0.28189
802.7,0.00667584,0.00191393,0.279206
802.75,0.00684892,0.00195104,0.277518
802.8,0.00691625,0.00196495,0.276812
802.85,0.00692756,0.00196667,0.276613
802.9,0.00694813,0.00196961,0.276227
802.95,0.0069717,0.00197288,0.275773
803,0.00699735,0.00197634,0.27527
803.05,0.00702783,0.0019804,0.274672
803.1,0.00709383,0.00199127,0.273662
803.15,0.00723307,0.00201703,0.271953
803.2,0.00751465,0.00207104,0.268924
803.25,0.00800463,0.00216759,0.26445
803.3,0.00858542,0.00228467,0.260083
803.35,0.00920175,0.00241117,0.256273
803.4,0.00985395,0.00254767,0.253003
803.45,0.0105415,0.00269466,0.250264
803.5,0.0112666,0.00285279,0.247996
803.55,0.0120649,0.00303031,0.246076
803.6,0.0129793,0.00323589,0.244331
803.65,0.0139851,0.00346315,0.242748
803.7,0.0148297,0.0036525,0.24149
803.75,0.014985,0.00368982,0.241431
803.8,0.0145927,0.00360753,0.242356
803.85,0.0139268,0.00346548,0.243882
803.9,0.0130686,0.00328567,0.246312
803.95,0.0122306,0.00311389,0.249303
804,0.0114084,0.00294517,0.252642
804.05,0.0109265,0.0028427,0.254524
804.1,0.0107079,0.00279576,0.25539
804.15,0.0106049,0.00277523,0.255953
804.2,0.0105199,0.00276202,0.256757
804.25,0.010438,0.00275307,0.257881
804.3,0.010359,0.00274819,0.259322
804.35,0.010291,0.00274908,0.261039
804.4,0.0102725,0.0027607,0.262543
804.45,0.0102979,0.00278369,0.264005
804.5,0.0102092,0.00278355,0.266181
804.55,0.00978618,0.00270903,0.27006
804.6,0.00914934,0.0025835,0.275205
804.65,0.00850386,0.00245393,0.280935
804.7,0.00790917,0.00233288,0.286825
804.75,0.00737095,0.00222107,0.292674
804.8,0.00691961,0.00212609,0.2981
804.85,0.00668515,0.00207706,0.301242
804.9,0.00660235,0.00206144,0.302637
804.95,0.00657494,0.0020597,0.303581
805,0.00654577,0.00205924,0.304789
805.05,0.00687301,0.00213736,0.301498
805.1,0.00739945,0.00226176,0.296647
805.15,0.00796348,0.00239644,0.292309
805.2,-0.0030172,-0.23235,-1.58378
805.25,0.00919881,0.00270036,0.285534
805.3,0.110858,-0.186812,-1.03523
805.35,-0.00686656,-0.235187,-1.59998
805.4,0.0947166,-0.185091,-1.09781
805.45,0.0272525,-0.228109,-1.45189
805.5,0.00494547,-0.237647,-1.54999
805.55,0.0174766,-0.241771,-1.49864
805.6,0.0226363,-0.235957,-1.47516
805.65,0.0289613,-0.236807,-1.4491
805.7,0.0146664,-0.240416,-1.50987
805.75,0.0151658,-0.242377,-1.50831
805.8,0.0146836,-0.245419,-1.51104
805.85,0.0233776,-0.239763,-1.4736
805.9,0.0235101,-0.246884,-1.47586
805.95,0.013276,-0.244254,-1.5165
806,0.0214044,-0.248486,-1.48487
806.05,0.0133651,-0.246144,-1.51655
806.1,0.0108671,-0.252159,-1.52773
806.15,0.0144865,-0.246437,-1.51208
806.2,0.0105618,-0.243412,-1.52743
806.25,0.0204197,-0.243914,-1.48727
806.3,0.00795398,-0.244361,-1.53826
806.35,0.0116572,-0.240946,-1.52245
806.4,0.0110686,-0.236824,-1.52409
806.45,0.00525418,-0.23538,-1.54848
806.5,0.0132238,-0.235521,-1.51471
806.55,-0.0131587,-0.231618,-1.62755
806.6,0.00792989,-0.229458,-1.53625
806.65,-0.0809934,-0.218366,-1.92597
806.7,-0.131376,-0.208607,-2.13282
806.75,-0.119556,-0.201493,-2.10631
806.8,-0.123886,-0.202259,-2.12037
806.85,-0.11844,-0.213235,-2.07781
806.9,-0.116409,-0.212235,-2.07248
806.95,-0.120268,-0.231317,-2.05026
807,0.000735286,0.000648824,0.723012
807.05,-0.111297,-0.2112,-2.05579
807.1,0.000480029,0.000588577,0.88663
807.15,-0.105887,-0.201635,-2.05435
807.2,0.000328742,0.000556599,1.0373
807.25,0.000285927,0.000548526,1.09028
807.3,0.000255644,0.00054316,1.13089
807.35,-0.102116,-0.204182,-2.03454
807.4,0.000195949,0.000532581,1.21825
807.45,-0.0985336,-0.202632,-2.0234
807.5,0.000162557,0.000527318,1.27177
807.55,0.000154325,0.000526393,1.28561
807.6,0.000145019,0.000525466,1.30152
807.65,0.000135822,0.000524592,1.31745
807.7,0.000126814,0.000523783,1.33326
807.75,0.000118057,0.000523091,1.34882
807.8,0.000109519,0.000522511,1.36419
807.85,-0.111324,-0.203643,-2.07107
807.9,0.000111924,0.000523886,1.36032
807.95,0.000114819,0.000524827,1.35541
808,-0.115307,-0.216228,-2.0607
808.05,-0.112718,-0.209357,-2.06469
808.1,-0.118224,-0.206716,-2.09031
808.15,-0.119078,-0.233807,-2.04186
808.2,-0.106343,-0.211368,-2.03694
808.25,-0.0959193,-0.209696,-1.9998
808.3,-0.101526,-0.22781,-1.99004
808.35,-0.0894699,-0.216377,-1.96288
808.4,0.000250434,0.000613856,1.18344
808.45,0.000219115,0.000616872,1.22949
808.5,0.000190084,0.000620283,1.27344
808.55,0.000157731,0.000622254,1.32254
808.6,0.000114442,0.000620544,1.38842
808.65,5.33717e-05,0.000612807,1.48392
808.7,-2.14801e-05,0.000600434,1.60656
808.75,-9.62772e-05,0.000588423,1.73298
808.8,-0.000169386,0.000577356,1.85617
808.85,-0.000242942,0.000567183,1.97548
808.9,-0.000303644,0.000560214,2.06749
808.95,-0.000341638,0.000556755,2.12117
809,-0.000357161,0.000555843,2.14192
809.05,-0.0946773,-0.222391,-1.97328
809.1,-0.0916296,-0.217588,-1.96937
809.15,-0.093093,-0.213985,-1.98114
809.2,-0.0924501,-0.22019,-1.96831
809.25,-0.0922873,-0.22172,-1.96522
809.3,-0.0883583,-0.23045,-1.93693
809.35,-0.0818592,-0.220298,-1.92657
809.4,-0.0781055,-0.228763,-1.89981
809.45,-0.0753454,-0.229059,-1.88858
809.5,-0.0650728,-0.224302,-1.85316
809.55,-0.0651429,-0.236215,-1.83989
809.6,-0.000145007,0.000682335,1.7802
809.65,-0.000211148,0.00067361,1.87455
809.7,-0.000284406,0.000662871,1.97609
809.75,-0.000366425,0.000650274,2.08394
809.8,-0.000447797,0.000639274,2.18184
809.85,-0.000526389,0.00063007,2.26678
809.9,-0.000597106,0.000622999,2.33498
809.95,-0.000639621,0.000621039,2.37093
810,-0.000645151,0.000626419,2.37092
810.05,-0.000617235,0.000638132,2.33955
810.1,-0.0732915,-0.230085,-1.87918
810.15,-0.0784845,-0.238549,-1.88865
810.2,-0.0779913,-0.231524,-1.89572
810.25,-0.0797512,-0.245371,-1.88505
810.3,-0.075525,-0.25036,-1.86378
810.35,-0.07416,-0.250663,-1.85845
810.4,-0.0668627,-0.249394,-1.83274
810.45,-0.059873,-0.256195,-1.80038
810.5,-0.0499072,-0.240957,-1.77503
810.55,-0.0514156,-0.24477,-1.77784
810.6,-0.0413377,-0.235463,-1.74458
810.65,-0.0443779,-0.23724,-1.75572
810.7,-0.0444922,-0.233773,-1.75887
810.75,-0.000848815,0.000639835,2.49567
810.8,-0.000883541,0.000640387,2.51442
810.85,-0.000904249,0.000645576,2.52157
810.9,-0.000923798,0.000652075,2.52694
810.95,-0.000945757,0.000658933,2.53307
811,-0.000968024,0.000666205,2.53882
811.05,-0.000993056,0.000671444,2.54706
811.1,-0.00101469,0.000673959,2.5553
811.15,-0.00103098,0.000674236,2.56243
811.2,-0.0610795,-0.225364,-1.83546
811.25,-0.0529439,-0.246587,-1.78229
811.3,-0.0588194,-0.243048,-1.80824
811.35,-0.0585923,-0.259386,-1.79296
811.4,-0.0622359,-0.256221,-1.80908
811.45,-0.0615531,-0.261007,-1.80239
811.5,-0.0590459,-0.264962,-1.79006
811.55,-0.0555656,-0.26581,-1.77687
811.6,-0.0565367,-0.275919,-1.7729
811.65,-0.0536002,-0.273439,-1.76436
811.7,-0.0473342,-0.267937,-1.74565
811.75,-0.0440184,-0.269899,-1.73246
811.8,-0.0413153,-0.268374,-1.72354
811.85,-0.0370757,-0.264383,-1.71012
811.9,-0.0321861,-0.257545,-1.69512
811.95,-0.0332109,-0.255628,-1.69999
812,-0.0271913,-0.255593,-1.67678
812.05,-0.0249539,-0.242443,-1.67336
812.1,-0.0320482,-0.234376,-1.70669
812.15,-0.0329912,-0.228775,-1.71402
812.2,-0.00136702,0.000647096,2.69948
812.25,-0.00140214,0.000647274,2.70911
812.3,-0.00142583,0.000650974,2.7133
812.35,-0.00144734,0.000655455,2.71636
812.4,-0.00146875,0.000659804,2.71938
812.45,-0.00149258,0.000662997,2.72358
812.5,-0.00152518,0.00066333,2.73135
812.55,-0.00156848,0.000659899,2.74335
812.6,-0.00160183,0.000656449,2.75266
812.65,-0.0412185,-0.225701,-1.75143
812.7,-0.0415964,-0.237601,-1.74411
812.75,-0.0344022,-0.246575,-1.70942
812.8,-0.0296506,-0.256402,-1.68593
812.85,-0.0315934,-0.260359,-1.69155
812.9,-0.031922,-0.265466,-1.69047
812.95,-0.0358395,-0.265773,-1.70484
813,-0.0321819,-0.27441,-1.68754
813.05,-0.0307478,-0.277811,-1.68103
813.1,-0.0254472,-0.276578,-1.66255
813.15,-0.0212612,-0.272197,-1.64875
813.2,-0.015263,-0.275936,-1.62605
813.25,-0.0231169,-0.260235,-1.65939
813.3,-0.0196227,-0.257091,-1.64697
813.35,-0.0228312,-0.246862,-1.66302
813.4,-0.0400324,-0.236302,-1.73862
813.45,-0.0480131,-0.230779,-1.77592
813.5,-0.0455641,-0.225845,-1.76987
813.55,-0.123699,-0.183569,-2.16376
813.6,-0.22578,-0.139346,-2.58864
813.65,-0.228076,-0.146615,-2.57027
813.7,-0.223926,-0.148352,-2.55648
813.75,-0.22094,-0.151344,-2.54101
813.8,-0.207405,-0.14657,-2.52639
813.85,-0.213105,-0.155028,-2.51267
813.9,-0.200346,-0.146707,-2.50954
813.95,-0.211049,-0.164603,-2.47921
814,-0.189787,-0.148891,-2.47637
814.05,-0.187994,-0.151314,-2.46388
814.1,-0.185243,-0.155755,-2.44246
814.15,-0.186252,-0.160972,-2.42887
814.2,-0.00215784,0.00071488,2.82168
814.25,-0.00218208,0.000727647,2.81972
814.3,-0.00219882,0.000738359,2.81763
814.35,-0.00220088,0.000745162,2.81513
814.4,-0.00218995,0.00075123,2.81114
814.45,-0.00216862,0.000757,2.80575
814.5,-0.00214034,0.000763579,2.79891
814.55,-0.00211163,0.000770319,2.7918
814.6,-0.00208898,0.000775715,2.78604
814.65,-0.00207739,0.000778605,2.783
814.7,-0.0020757,0.000779209,2.78248
814.75,-0.00207322,0.000779985,2.78175
814.8,-0.00207049,0.000780809,2.78097
814.85,-0.0020663,0.000781941,2.77982
814.9,-0.00206115,0.000783245,2.77844
814.95,-0.00205516,0.000784694,2.77686
815,-0.0020452,0.000786997,2.77426
815.05,-0.00201963,0.00079273,2.76756
815.1,-0.00197842,0.000801946,2.75649
815.15,-0.00192919,0.000813069,2.74273
815.2,-0.00187523,0.000825352,2.72697
815.25,-0.00182334,0.000837286,2.71111
815.3,-0.00177908,0.000847495,2.69703
815.35,-0.00174734,0.000854848,2.6866
815.4,-0.00173144,0.000858548,2.68126
815.45,-0.00172773,0.000859454,2.67999
815.5,-0.00172469,0.000860196,2.67894
815.55,-0.00172159,0.000860937,2.67788
815.6,-0.00171846,0.000861672,2.67681
815.65,-0.00171498,0.000862452,2.67563
815.7,-0.00171002,0.000863496,2.67398
815.75,-0.00169906,0.000865836,2.6703
815.8,-0.00166548,0.000873105,2.65874
815.85,-0.00161101,0.000885033,2.63924
815.9,-0.00153527,0.0009017,2.61054
815.95,-0.0014471,0.000921371,2.57462
816,-0.00136011,0.000940992,2.53636
816.05,-0.00128166,0.000958792,2.49932
816.1,-0.00122626,0.000971396,2.47165
816.15,-0.0011924,0.000979085,2.45412
816.2,-0.0104331,-0.229242,-1.61628
816.25,-0.00375138,-0.230791,-1.58705
816.3,-0.0108314,-0.229015,-1.61806
816.35,-0.0105982,-0.239338,-1.61505
816.4,-0.0257206,-0.237204,-1.67881
816.45,-0.027733,-0.25287,-1.68003
816.5,-0.032463,-0.241516,-1.70441
816.55,-0.0344054,-0.242235,-1.71189
816.6,-0.0373572,-0.24451,-1.72241
816.65,-0.0416347,-0.247911,-1.73719
816.7,-0.0412076,-0.241958,-1.73949
816.75,-0.0462252,-0.244761,-1.75746
816.8,-0.048108,-0.2476,-1.7627
816.85,-0.0471387,-0.252843,-1.75511
816.9,-0.0519179,-0.251826,-1.77411
816.95,-0.0529963,-0.242716,-1.78577
817,-0.057186,-0.248549,-1.79694
817.05,-0.0563502,-0.246651,-1.7954
817.1,-0.0572624,-0.246308,-1.79922
817.15,-0.0556671,-0.252533,-1.78776
817.2,-0.0543881,-0.249166,-1.78571
817.25,-0.0597408,-0.255828,-1.8002
817.3,-0.0556707,-0.246728,-1.79272
817.35,-0.0550893,-0.253981,-1.78439
817.4,-0.051272,-0.249,-1.77387
817.45,-0.051163,-0.251593,-1.77142
817.5,0.0153852,0.00595385,0.369238
817.55,0.0176254,0.00671838,0.364174
817.6,0.0197969,0.00746511,0.360597
817.65,0.0215954,0.00808637,0.358287
817.7,0.0228399,0.00851862,0.356991
817.75,-0.0411751,-0.261345,-1.72706
817.8,-0.0448569,-0.254658,-1.74515
817.85,-0.0511977,-0.245586,-1.77632
817.9,-0.0618619,-0.257862,-1.80625
817.95,-0.0672041,-0.243912,-1.83965
818,-0.0748155,-0.250601,-1.86092
818.05,0.00288693,-0.159209,-1.55267
818.1,0.0152848,-0.1519,-1.47051
818.15,0.0409152,-0.13328,-1.27294
818.2,0.0765797,-0.101529,-0.924572
818.25,0.160786,-0.0153286,-0.0950481
818.3,0.359615,0.171086,0.444058
818.35,0.355215,0.175992,0.460002
818.4,0.368727,0.198874,0.494632
818.45,0.361118,0.212124,0.53111
818.5,0.19563,0.0258984,0.131619
818.55,0.153309,-0.0216537,-0.140314
818.6,0.0897377,-0.090761,-0.791067
818.65,0.0730137,-0.102447,-0.951598
818.7,0.0535708,-0.130788,-1.18204
818.75,0.0450021,-0.140393,-1.2606
818.8,0.0379675,-0.141431,-1.30853
818.85,0.0271327,-0.150632,-1.39258
818.9,0.0409486,-0.128097,-1.26139
818.95,0.0326849,-0.130704,-1.32575
819,0.0399197,-0.119358,-1.24804
819.05,0.0652767,-0.102714,-1.00467
819.1,0.0890396,-0.0623705,-0.611048
819.15,0.135462,-0.000761629,-0.00562241
819.2,0.272847,0.18619,0.598816
819.25,0.320002,0.256757,0.676179
819.3,0.306681,0.258841,0.701006
819.35,0.299748,0.261655,0.717649
819.4,0.295755,0.265118,0.730828
819.45,0.042265,-0.139647,-1.2769
819.5,0.0584463,-0.165196,-1.23074
819.55,0.0754416,-0.167214,-1.14697
819.6,0.0876687,-0.158347,-1.06515
819.65,0.0957892,-0.151597,-1.00727
819.7,0.0901295,-0.148762,-1.02608
819.75,0.111084,-0.144349,-0.914902
819.8,0.111348,-0.135374,-0.882471
819.85,0.117604,-0.134959,-0.854007
819.9,0.113005,-0.136226,-0.878298
819.95,0.0998767,-0.132663,-0.925466
820,0.109026,-0.128468,-0.867078
820.05,0.115937,-0.128088,-0.835152
820.1,0.118742,0.105131,0.724675
820.15,0.117163,0.105666,0.73385
820.2,0.115272,0.105596,0.741619
820.25,0.112555,0.104333,0.747508
820.3,0.109304,0.102265,0.752141
820.35,0.115906,-0.127638,-0.833536
820.4,0.107668,-0.133656,-0.892673
820.45,0.107416,-0.14403,-0.929994
820.5,0.0981593,-0.147909,-0.984888
820.55,0.0921193,-0.153628,-1.03065
820.6,0.0796289,-0.157339,-1.10228
820.65,0.079144,-0.15957,-1.11037
820.7,0.0752801,-0.161645,-1.13495
820.75,0.0684156,-0.163754,-1.17504
820.8,0.0679977,-0.164529,-1.17889
820.85,0.0618546,-0.162216,-1.20651
820.9,0.0459967,-0.157286,-1.28629
820.95,0.0712878,-0.15954,-1.15058
821,0.284607,-0.031036,-0.10862
821.05,0.283197,-0.0319184,-0.112234
821.1,0.27749,-0.034939,-0.125252
821.15,0.303179,-0.0535381,-0.174787
821.2,0.276691,-0.0474785,-0.169939
821.25,0.275531,-0.0523448,-0.187741
821.3,0.284154,-0.0613695,-0.212706
821.35,0.264858,-0.0488269,-0.182305
821.4,0.0621606,0.0684855,0.833772
821.45,0.266313,-0.0449143,-0.16708
821.5,0.0671228,0.0742443,0.835731
821.55,0.0690996,0.0765033,0.836203
821.6,0.269811,-0.0360885,-0.132965
821.65,0.0709715,0.078491,0.835666
821.7,0.271558,-0.0278943,-0.10236
821.75,0.279689,-0.0374689,-0.133173
821.8,0.0706271,0.0775618,0.832161
821.85,0.0704056,0.0770923,0.830702
821.9,0.070254,0.0766804,0.829107
821.95,0.0700194,0.0761734,0.827468
822,0.0697791,0.0756483,0.825735
822.05,0.0694936,0.0750237,0.823646
822.1,0.283851,-0.0320021,-0.112269
822.15,0.30183,-0.0413581,-0.136177
822.2,0.297731,-0.0425884,-0.142079
822.25,0.292181,-0.0501725,-0.170059
822.3,0.308892,-0.0622941,-0.199
822.35,0.290064,-0.0559909,-0.190684
822.4,0.289871,-0.0588616,-0.200337
822.45,0.297546,-0.067691,-0.22369
822.5,0.29332,-0.062649,-0.210424
822.55,0.276735,-0.0545282,-0.194549
822.6,0.279595,-0.0539394,-0.190579
822.65,0.286726,-0.0556918,-0.191845
822.7,0.0922394,0.0948497,0.79935
822.75,0.0955936,0.0974068,0.794793
822.8,0.0982065,0.0990881,0.789867
822.85,0.0994742,0.0993744,0.784896
822.9,0.100357,0.0991962,0.779582
822.95,0.101233,0.09891,0.773792
823,0.102091,0.0985181,0.767588
823.05,0.102894,0.097987,0.760974
823.1,0.103633,0.0973222,0.754003
823.15,0.104261,0.0964816,0.746666
823.2,0.104753,0.0954574,0.739001
823.25,0.105095,0.0942519,0.731057
823.3,0.105244,0.0928371,0.722846
823.35,0.105178,0.0912127,0.714406
823.4,0.104869,0.0893706,0.705775
823.45,0.104306,0.0873238,0.697009
823.5,0.103472,0.085078,0.68815
823.55,0.102353,0.0826429,0.679256
823.6,0.100949,0.0800401,0.670384
823.65,0.0992695,0.0772979,0.661597
823.7,0.097317,0.0744341,0.652945
823.75,0.0951183,0.0715095,0.644649
823.8,0.0927158,0.0685681,0.63678
823.85,0.0901631,0.0656539,0.629382
823.9,0.0874983,0.0627925,0.622469
823.95,0.0847573,0.0600044,0.616045
824,0.0819936,0.0573235,0.610137
824.05,0.0792329,0.054758,0.604729
824.1,0.076506,0.0523198,0.599815
824.15,0.0738397,0.0500172,0.59538
824.2,0.0712457,0.0478462,0.591387
824.25,0.0687373,0.045808,0.587832
824.3,0.0663229,0.0438976,0.58468
824.35,0.0640108,0.0421123,0.581905
824.4,0.0618048,0.0404468,0.579481
824.45,0.0597062,0.0388948,0.577384
824.5,0.0577146,0.0374499,0.575588
824.55,0.0558283,0.0361055,0.574069
824.6,0.0531007,0.0342309,0.572599
824.65,0.0497101,0.0319596,0.571381
824.7,0.0464557,0.0298194,0.570652
824.75,0.0428229,0.0274168,0.569482
824.8,0.0387156,0.0246659,0.567258
824.85,0.034511,0.0218889,0.56523
824.9,-0.0748126,-0.201807,-1.9258
824.95,-0.074943,-0.195681,-1.93655
825,-0.087114,-0.214669,-1.9563
825.05,-0.0876796,-0.213863,-1.95988
825.1,-0.0882911,-0.222314,-1.94884
825.15,-0.0869164,-0.2303,-1.93167
825.2,-0.0888824,-0.240264,-1.92512
825.25,-0.0914537,-0.242174,-1.93188
825.3,-0.0920346,-0.253233,-1.91939
825.35,-0.0936603,-0.246261,-1.93423
825.4,-0.0955862,-0.26107,-1.92177
825.45,-0.0988723,-0.269043,-1.92297
825.5,-0.0957315,-0.266048,-1.9162
825.55,-0.0960297,-0.272744,-1.90933
825.6,-0.0970332,-0.279224,-1.90525
825.65,-0.0951508,-0.272481,-1.90676
825.7,-0.0967811,-0.280807,-1.9027
825.75,-0.095406,-0.289587,-1.88905
825.8,-0.0944782,-0.277651,-1.89878
825.85,-0.0957856,-0.29015,-1.88966
825.9,-0.0927338,-0.303534,-1.8673
825.95,-0.0896018,-0.290127,-1.87034
826,-0.0865638,-0.292796,-1.85825
826.05,-0.0860803,-0.294024,-1.8556
826.1,-0.0839972,-0.286936,-1.85558
826.15,-0.0762713,-0.294075,-1.82457
826.2,-0.0768047,-0.293162,-1.82702
826.25,-0.0753721,-0.287823,-1.82691
826.3,-0.0700716,-0.286152,-1.81095
826.35,-0.0662596,-0.296453,-1.79069
826.4,-0.0649837,-0.285764,-1.7944
826.45,-0.0635945,-0.284386,-1.7908
826.5,-0.0552994,-0.283378,-1.76352
826.55,-0.0541869,-0.272407,-1.76715
826.6,-0.055044,-0.262712,-1.77733
826.65,-0.055993,-0.262434,-1.781
826.7,-0.0523607,-0.248005,-1.77887
826.75,-0.0562151,-0.235912,-1.80472
826.8,-0.0597063,-0.228348,-1.82654
826.85,-2.32442e-05,0.00123246,1.58965
826.9,-6.5895e-05,0.00121243,1.62509
826.95,-0.000102134,0.00119609,1.65598
827,-0.000164434,0.00117046,1.71037
827.05,-0.000221776,0.00114787,1.76165
827.1,-0.000248922,0.00113781,1.78618
827.15,-0.000269498,0.00113049,1.80482
827.2,-0.0628987,-0.232509,-1.83499
827.25,-0.0638032,-0.232636,-1.83848
827.3,-0.0632918,-0.239228,-1.82944
827.35,-0.0536908,-0.262625,-1.77246
827.4,-0.054264,-0.256809,-1.77903
827.45,-0.0489132,-0.262542,-1.75499
827.5,-0.0446859,-0.265124,-1.73777
827.55,-0.0420422,-0.256414,-1.73331
827.6,-0.0414822,-0.250015,-1.73522
827.65,-0.0407976,-0.236782,-1.74142
827.7,-0.0402867,-0.237609,-1.73875
827.75,-0.000547714,0.00103926,2.05583
827.8,-0.000653798,0.00100355,2.14822
827.85,-0.000755746,0.000969999,2.23268
827.9,-0.000838587,0.000943273,2.29751
827.95,-0.000896816,0.000924653,2.34091
828,-0.0553639,-0.231106,-1.80593
828.05,-0.0523734,-0.236925,-1.78835
828.1,-0.0536783,-0.247973,-1.78398
828.15,-0.0508732,-0.250541,-1.77113
828.2,-0.0411251,-0.260591,-1.72732
828.25,-0.0377828,-0.266759,-1.7115
828.3,-0.0358683,-0.257991,-1.70894
828.35,-0.0342441,-0.25615,-1.7037
828.4,-0.0267438,-0.252615,-1.67627
828.45,-0.0313187,-0.238718,-1.70125
828.5,-0.0676591,-0.20989,-1.88263
828.55,-0.124179,-0.17599,-2.18527
828.6,-0.00149103,0.000745678,2.67786
828.65,-0.215522,-0.133772,-2.5861
828.7,-0.218994,-0.132881,-2.5962
828.75,-0.200893,-0.126213,-2.58065
828.8,-0.202415,-0.126522,-2.58295
828.85,-0.19839,-0.128731,-2.566
828.9,-0.19945,-0.13262,-2.55479
828.95,-0.194211,-0.135769,-2.53148
829,-0.211992,-0.152296,-2.51862
829.05,-0.00189052,0.000698836,2.78752
829.1,-0.00192811,0.000702779,2.79207
829.15,-0.00195528,0.000706872,2.79469
829.2,-0.00196549,0.000709567,2.79514
829.25,-0.00196869,0.000711107,2.79497
829.3,-0.00196824,0.000711657,2.79465
829.35,-0.0019675,0.000712136,2.79431
829.4,-0.00196672,0.000712633,2.79396
829.45,-0.0019659,0.000713146,2.7936
829.5,-0.00196503,0.000713676,2.79322
829.55,-0.00196413,0.000714221,2.79282
829.6,-0.00196318,0.00071478,2.79242
829.65,-0.00196218,0.000715353,2.792
829.7,-0.00196115,0.000715938,2.79156
829.75,-0.00196007,0.000716535,2.79112
829.8,-0.00195895,0.000717142,2.79066
829.85,-0.00195778,0.000717758,2.79019
829.9,-0.00195657,0.000718383,2.78971
829.95,-0.00195532,0.000719015,2.78922
830,-0.00195403,0.000719652,2.78872
830.05,-0.00195271,0.000720295,2.78821
830.1,-0.00195134,0.000720941,2.78769
830.15,-0.00194994,0.000721589,2.78716
830.2,-0.00194851,0.00072224,2.78663
830.25,-0.00194704,0.000722891,2.78609
830.3,-0.00194554,0.000723543,2.78554
830.35,-0.00194401,0.000724193,2.78499
830.4,-0.00194246,0.000724841,2.78444
830.45,-0.00194088,0.000725486,2.78388
830.5,-0.00193927,0.000726128,2.78332
830.55,-0.00193764,0.000726766,2.78275
830.6,-0.00193599,0.000727398,2.78219
830.65,-0.00193432,0.000728025,2.78162
830.7,-0.00193264,0.000728646,2.78105
830.75,-0.00193094,0.00072926,2.78048
830.8,-0.00192922,0.000729867,2.77991
830.85,-0.0019275,0.000730466,2.77935
830.9,-0.00192577,0.000731056,2.77878
830.95,-0.00192402,0.000731639,2.77821
831,-0.00192228,0.000732212,2.77765
831.05,-0.00192052,0.000732776,2.77709
831.1,-0.00191877,0.000733331,2.77653
831.15,-0.00191701,0.000733877,2.77598
831.2,-0.00191525,0.000734412,2.77543
831.25,-0.00190107,0.000737454,2.77155
831.3,-0.0202017,-0.233106,-1.65724
831.35,-0.0238622,-0.237287,-1.67102
831.4,-0.0308419,-0.241311,-1.69792
831.45,-0.0358812,-0.248811,-1.71402
831.5,-0.0433387,-0.244075,-1.74653
831.55,-0.045955,-0.251472,-1.75155
831.6,-0.0474051,-0.251418,-1.75716
831.65,-0.0493792,-0.255837,-1.76146
831.7,-0.0487694,-0.248398,-1.76467
831.75,-0.0535558,-0.26726,-1.76857
831.8,-0.048037,-0.235931,-1.77166
831.85,-0.000936901,0.000981588,2.33291
831.9,-0.000808124,0.0010223,2.23972
831.95,-0.000674558,0.00106642,2.1348
832,-0.00057179,0.00110149,2.04961
832.05,-0.0498115,-0.25196,-1.76598
832.1,-0.0510337,-0.250924,-1.77144
832.15,-0.0575932,-0.252168,-1.79534
832.2,-0.0663418,-0.254133,-1.82615
832.25,-0.074775,-0.259279,-1.85157
832.3,-0.0753792,-0.25221,-1.86122
832.35,-0.081002,-0.264223,-1.86827
832.4,-0.0786592,-0.25988,-1.86471
832.45,-0.0761076,-0.25346,-1.8625
832.5,-0.0788187,-0.259139,-1.86606
832.55,0.000759529,0.00158866,1.12483
832.6,0.00099301,0.00168344,1.03786
832.65,0.00122764,0.00178093,0.967271
832.7,0.00144178,0.00187135,0.914334
832.75,0.00159275,0.0019359,0.88234
832.8,-0.0780314,-0.27051,-1.85163
832.85,-0.0850316,-0.267155,-1.87894
832.9,-0.0941015,-0.270318,-1.90579
832.95,-0.097589,-0.25809,-1.9323
833,-0.112273,-0.26329,-1.97387
833.05,-0.116136,-0.257863,-1.99396
833.1,-0.121124,-0.261219,-2.00497
833.15,-0.121523,-0.262646,-2.00415
833.2,-0.126263,-0.27432,-2.00216
833.25,-0.117021,-0.260629,-1.99281
833.3,-0.114994,-0.261985,-1.98441
833.35,-0.111473,-0.257037,-1.98
833.4,-0.0915158,-0.215088,-1.97307
833.45,0.00675711,0.00445355,0.58274
833.5,0.00727782,0.00474443,0.577712
833.55,0.00780428,0.00504051,0.573463
833.6,0.00831808,0.00533122,0.569965
833.65,0.00875693,0.00557473,0.566903
833.7,-0.0856678,-0.224526,-1.9353
833.75,-0.0705703,-0.245472,-1.85073
833.8,-0.063809,-0.252707,-1.81813
833.85,-0.0473377,-0.243879,-1.76252
833.9,-0.0624895,-0.239795,-1.82572
833.95,-0.0570891,-0.241309,-1.80311
834,-0.0506721,-0.241978,-1.77722
834.05,-0.0383278,-0.244302,-1.72641
834.1,-0.0308212,-0.243484,-1.69671
834.15,-0.0167339,-0.239364,-1.64059
834.2,-0.00310916,-0.232419,-1.58417
834.25,0.0140414,-0.230541,-1.50996
834.3,0.00964916,-0.227991,-1.5285
834.35,0.0145351,-0.227857,-1.50709
834.4,0.0155995,-0.230386,-1.50319
834.45,0.0214309,-0.221977,-1.47455
834.5,0.0264086,-0.214215,-1.44813
834.55,0.0606946,-0.14937,-1.18484
834.6,0.064778,-0.14503,-1.15073
834.65,0.0315551,-0.203934,-1.41728
834.7,0.0897706,-0.0757789,-0.701082
834.75,0.135009,-0.00288965,-0.0214001
834.8,0.230656,0.210281,0.739223
834.85,0.223351,0.205361,0.74346
834.9,0.226379,0.226941,0.786638
834.95,0.0557073,0.0395605,0.617505
835,0.0583337,0.0421575,0.625796
835.05,0.072962,-0.186152,-1.19725
835.1,0.0823951,-0.187848,-1.15744
835.15,0.0671151,-0.193776,-1.23737
835.2,0.0708113,-0.190768,-1.21537
835.25,0.0724796,-0.194301,-1.21376
835.3,0.0690271,-0.197794,-1.23503
835.35,0.0651359,-0.200878,-1.25724
835.4,0.0778406,-0.188684,-1.17952
835.45,0.0708545,-0.209282,-1.24435
835.5,0.0856205,-0.185122,-1.13759
835.55,0.0867836,-0.186953,-1.1362
835.6,0.0978676,-0.177827,-1.06768
835.65,0.0882692,-0.180534,-1.11604
835.7,0.0884285,-0.178076,-1.10989
835.75,0.109411,-0.161138,-0.974308
835.8,0.102064,-0.16204,-1.0087
835.85,0.12448,-0.14698,-0.868094
835.9,0.13599,-0.14223,-0.807821
835.95,0.188698,-0.115312,-0.548536
836,0.259445,-0.0913532,-0.338553
836.05,0.300136,-0.0753391,-0.245935
836.1,0.321917,-0.0677774,-0.207513
836.15,0.310868,-0.0665613,-0.21093
836.2,0.317908,-0.0726229,-0.224586
836.25,0.30953,-0.0699695,-0.222314
836.3,0.312396,-0.0731657,-0.230062
836.35,0.303467,-0.0693444,-0.22465
836.4,0.298932,-0.0717895,-0.23569
836.45,0.311832,-0.0747957,-0.235412
836.5,0.303879,-0.0745569,-0.240598
836.55,0.291396,-0.0707117,-0.238064
836.6,0.27916,-0.0680126,-0.238977
836.65,0.277965,-0.0672604,-0.237411
836.7,0.261816,-0.0661444,-0.247459
836.75,0.0711906,0.0731099,0.798698
836.8,0.070598,0.072159,0.796333
836.85,0.0694431,0.0705902,0.79359
836.9,0.0677063,0.0684628,0.790953
836.95,0.0651151,0.0654904,0.788271
837,0.0623912,0.0623889,0.78538
837.05,0.0597631,0.0593685,0.782086
837.1,0.0572205,0.0564272,0.778418
837.15,0.0547551,0.0535639,0.774401
837.2,0.05236,0.0507779,0.77006
837.25,0.050029,0.0480689,0.76542
837.3,0.047757,0.0454366,0.760505
837.35,0.0455396,0.0428811,0.755341
837.4,0.0435357,0.0405666,0.75011
837.45,0.0416333,0.0383876,0.744859
837.5,0.0397272,0.0362403,0.739531
837.55,0.0379076,0.0342161,0.734261
837.6,0.0360747,0.0322098,0.728857
837.65,0.0342012,0.0301933,0.723238
837.7,0.0324889,0.028374,0.717892
837.75,0.0318444,0.027651,0.715031
837.8,0.0315005,0.0272459,0.713102
837.85,0.031218,0.0269141,0.711496
837.9,0.0309148,0.02657,0.70996
837.95,0.0305961,0.0262192,0.708511
838,0.0302661,0.0258657,0.707165
838.05,0.029926,0.0255111,0.705926
838.1,0.029406,0.0249345,0.703296
838.15,0.0285458,0.0239273,0.697608
838.2,0.0276465,0.0228653,0.691023
838.25,0.02682,0.021889,0.684507
838.3,-0.0912303,-0.176904,-2.04693
838.35,-0.0915275,-0.181912,-2.03695
838.4,0.0246652,0.0193296,0.66471
838.45,-0.103757,-0.206366,-2.03666
838.5,-0.0976782,-0.189379,-2.04699
838.55,-0.102756,-0.195983,-2.0537
838.6,-0.102208,-0.202248,-2.03872
838.65,-0.101572,-0.216392,-2.00966
838.7,-0.104481,-0.22224,-2.01026
838.75,-0.111572,-0.232627,-2.01801
838.8,-0.112293,-0.236015,-2.01489
838.85,-0.112828,-0.23787,-2.0137
838.9,-0.10151,-0.243768,-1.96538
838.95,-0.114064,-0.245803,-2.00527
839,-0.116712,-0.252336,-2.00402
839.05,-0.115681,-0.250489,-2.00344
839.1,-0.1145,-0.253041,-1.99572
839.15,-0.115625,-0.265085,-1.9821
839.2,-0.1176,-0.263813,-1.99013
839.25,-0.114844,-0.265394,-1.9792
839.3,-0.115685,-0.266722,-1.98004
839.35,-0.111807,-0.273441,-1.95894
839.4,-0.11386,-0.293648,-1.94069
839.45,-0.109435,-0.286655,-1.93548
839.5,-0.113417,-0.289914,-1.9437
839.55,-0.107237,-0.276588,-1.94067
839.6,-0.104753,-0.280699,-1.92798
839.65,-0.101457,-0.288834,-1.9086
839.7,-0.0990137,-0.291043,-1.89872
839.75,-0.0963138,-0.293044,-1.88834
839.8,-0.0944266,-0.285244,-1.89048
839.85,-0.094468,-0.287748,-1.88801
839.9,-0.0910349,-0.287091,-1.87786
839.95,-0.087271,-0.28726,-1.86574
840,-0.085599,-0.290849,-1.85702
840.05,-0.0796283,-0.281493,-1.84647
840.1,-0.0761548,-0.289135,-1.82834
840.15,-0.0751305,-0.278638,-1.83417
840.2,-0.0755186,-0.273504,-1.8402
840.25,-0.0743832,-0.262669,-1.84675
840.3,-0.076325,-0.25299,-1.8638
840.35,-0.0744409,-0.240812,-1.8706
840.4,-0.0726089,-0.23165,-1.87454
840.45,-0.0720317,-0.22946,-1.87497
840.5,-0.0778567,-0.219652,-1.91143
840.55,2.10632e-05,0.000975257,1.5492
840.6,-0.000149583,0.000910554,1.73362
840.65,-0.000311997,0.000852588,1.9216
840.7,-0.000469123,0.000800438,2.10092
840.75,-0.000619383,0.000753847,2.25859
840.8,-0.000752804,0.000713919,2.3827
840.85,-0.000861672,0.000681358,2.47252
840.9,-0.0773116,-0.223653,-1.90361
840.95,-0.0815461,-0.239216,-1.89933
841,-0.0771158,-0.256721,-1.86261
841.05,-0.0736113,-0.268705,-1.83818
841.1,-0.0665137,-0.266939,-1.815
841.15,-0.0572241,-0.285307,-1.76874
841.2,-0.0574731,-0.277204,-1.77523
841.25,-0.0520663,-0.271733,-1.76011
841.3,-0.0521708,-0.26276,-1.7668
841.35,-0.053568,-0.261286,-1.77301
841.4,-0.0548113,-0.243497,-1.79221
841.45,-0.0569508,-0.249925,-1.79484
841.5,-0.0563715,-0.224487,-1.81682
841.55,-0.00170784,0.000482913,2.86602
841.6,-0.00175504,0.000480482,2.87437
841.65,-0.00179869,0.000479276,2.88118
841.7,-0.00183528,0.000478593,2.8865
841.75,-0.00185809,0.000478176,2.88971
841.8,-0.00187334,0.000477832,2.89185
841.85,-0.00188275,0.000476587,2.89367
841.9,-0.00188931,0.000475079,2.89524
841.95,-0.00189533,0.000473727,2.89667
842,-0.00190076,0.000472533,2.89793
842.05,-0.00190583,0.000471448,2.89909
842.1,-0.00190979,0.000470638,2.89997
842.15,-0.00191122,0.000470475,2.90023
842.2,-0.00191229,0.000470411,2.90039
842.25,-0.0019131,0.000470413,2.90049
842.3,-0.0019141,0.000470375,2.90062
842.35,-0.001916,0.000470116,2.90098
842.4,-0.00191841,0.000469735,2.90146
842.45,-0.00192073,0.000469384,2.90191
842.5,-0.00192256,0.000469152,2.90225
842.55,-0.00192296,0.000469276,2.90223
842.6,-0.00192312,0.000469458,2.90216
842.65,-0.00192326,0.000469645,2.90209
842.7,-0.00192343,0.000469822,2.90202
842.75,-0.00192373,0.000469961,2.90199
842.8,-0.00192483,0.000469897,2.90215
842.85,-0.00192678,0.000469617,2.90252
842.9,-0.00192905,0.000469256,2.90297
842.95,-0.00193136,0.000468887,2.90342
843,-0.0019334,0.000468582,2.90382
843.05,-0.00193515,0.000468347,2.90414
843.1,-0.00193653,0.000468194,2.90438
843.15,-0.00193775,0.000468081,2.90457
843.2,-0.00193893,0.000467967,2.90477
843.25,-0.00193997,0.00046788,2.90493
843.3,-0.00194085,0.000467821,2.90507
843.35,-0.00194142,0.000467829,2.90513
843.4,-0.00194165,0.000467907,2.90512
843.45,-0.0019416,0.000468045,2.90504
843.5,-0.00194148,0.000468189,2.90496
843.55,-0.00194135,0.000468324,2.90488
843.6,-0.00194127,0.000468439,2.90481
843.65,-0.00194128,0.000468524,2.90477
843.7,-0.00194155,0.000468533,2.9048
843.75,-0.00194208,0.000468467,2.9049
843.8,-0.00194265,0.000468382,2.905
843.85,-0.0019432,0.000468295,2.90511
843.9,-0.00194365,0.000468221,2.9052
843.95,-0.00194402,0.000468159,2.90527
844,-0.0019443,0.000468107,2.90533
844.05,-0.0019445,0.000468065,2.90537
844.1,-0.00194456,0.000468048,2.90539
844.15,-0.0019445,0.000468049,2.90538
844.2,-0.00194434,0.000468068,2.90535
844.25,-0.00193964,0.000468758,2.90447
844.3,-0.00192363,0.000469841,2.90204
844.35,-0.00190237,0.000470446,2.89916
844.4,-0.00188024,0.00047027,2.89651
844.45,-0.00185808,0.000469293,2.8942
844.5,-0.00183593,0.000467531,2.89224
844.55,-0.00181402,0.000464947,2.89069
844.6,-0.00179248,0.000461532,2.88958
844.65,-0.001773,0.000457621,2.889
844.7,-0.0017539,0.000452991,2.88884
844.75,-0.00173472,0.000447617,2.88907
844.8,-0.00171587,0.00044158,2.88971
844.85,-0.0807353,-0.230024,-1.90835
844.9,-0.107771,-0.284353,-1.93307
844.95,-0.104276,-0.261556,-1.95016
845,-0.118607,-0.274357,-1.97884
845.05,-0.113476,-0.25738,-1.98605
845.1,-0.0974304,-0.220725,-1.98648
845.15,-0.00158113,0.000386797,2.90167
845.2,-0.00156071,0.000378992,2.90337
845.25,-0.00154085,0.000371742,2.90486
845.3,-0.00152212,0.000364435,2.90659
845.35,0.00983473,-0.230706,-1.52819
845.4,-0.0491037,-0.228956,-1.78206
845.45,-0.0419852,-0.229107,-1.75204
845.5,-0.0231232,-0.227085,-1.67227
845.55,-0.0176032,-0.237367,-1.64482
845.6,-0.0126837,-0.233242,-1.62512
845.65,-0.011144,-0.232687,-1.61865
845.7,-0.00719202,-0.236087,-1.60125
845.75,-0.00917801,-0.231255,-1.61046
845.8,-0.00798015,-0.2308,-1.60536
845.85,-0.000677715,-0.23509,-1.57368
845.9,-0.00521482,-0.234677,-1.59301
845.95,-0.00432822,-0.231119,-1.58952
846,-0.0189728,-0.227274,-1.65408
846.05,-0.0305272,-0.224082,-1.7062
846.1,-0.00800489,-0.232021,-1.60528
846.15,-0.0157805,-0.239999,-1.63645
846.2,-0.00115578,0.000250614,2.92806
846.25,-0.00113038,0.0002491,2.92469
846.3,-0.00110699,0.000248209,2.92102
846.35,-0.00108552,0.0002473,2.9176
846.4,-0.00106435,0.000245857,2.91458
846.45,-0.00104351,0.000243892,2.91199
846.5,0.183463,-0.121633,-0.585451
846.55,0.0913359,-0.17522,-1.09028
846.6,0.134938,-0.150162,-0.838749
846.65,0.168464,-0.145559,-0.712588
846.7,0.23877,-0.111545,-0.437036
846.75,0.212539,-0.130093,-0.549263
846.8,0.248541,-0.125388,-0.467238
846.85,0.240414,-0.127971,-0.489149
846.9,0.262315,-0.143592,-0.500846
846.95,0.243877,-0.146945,-0.542282
847,0.247853,-0.146865,-0.534922
847.05,0.253579,-0.153656,-0.544784
847.1,0.241133,-0.151948,-0.562289
847.15,0.249128,-0.159123,-0.568406
847.2,0.236616,-0.160215,-0.595197
847.25,0.231245,-0.159879,-0.60492
847.3,0.231121,-0.160899,-0.608151
847.35,0.235189,-0.16695,-0.61731
847.4,0.213731,-0.163334,-0.652529
847.45,0.221634,-0.165228,-0.640614
847.5,0.211435,-0.163986,-0.659674
847.55,0.21398,-0.164638,-0.655808
847.6,0.20377,-0.158165,-0.660056
847.65,0.211917,-0.166459,-0.665833
847.7,0.204186,-0.161611,-0.66953
847.75,0.198976,-0.153847,-0.658181
847.8,-0.000473216,0.000462271,2.36789
847.85,-0.000463324,0.000480592,2.3379
847.9,-0.000456261,0.000497646,2.31284
847.95,-0.000451988,0.000512207,2.29382
848,-0.000451922,0.00051955,2.28669
848.05,-0.00045496,0.000519599,2.28996
848.1,-0.000455626,0.000519044,2.29122
848.15,-0.000455732,0.000519066,2.29131
848.2,-0.000455837,0.000519085,2.29141
848.25,0.225363,-0.164878,-0.631628
848.3,0.208714,-0.158233,-0.648686
848.35,0.21722,-0.165025,-0.649691
848.4,0.194071,-0.158384,-0.68449
848.45,0.193697,-0.157403,-0.682392
848.5,0.191963,-0.165787,-0.712358
848.55,-0.000449615,0.000542388,2.26294
848.6,-0.000438388,0.000558074,2.23666
848.65,-0.000427557,0.000573949,2.21105
848.7,-0.000417897,0.000587977,2.18869
848.75,-0.000411925,0.00059619,2.17541
848.8,-0.000411074,0.000597446,2.17346
848.85,-0.000411118,0.000597485,2.17348
848.9,0.197856,-0.159155,-0.677417
848.95,0.203037,-0.167483,-0.689734
849,0.196386,-0.16582,-0.701209
849.05,0.196753,-0.173786,-0.723495
849.1,0.189838,-0.176295,-0.748426
849.15,0.183826,-0.177052,-0.766631
849.2,0.195603,-0.188527,-0.766981
849.25,-0.000369101,0.000641258,2.09307
849.3,-0.00035507,0.000658964,2.06502
849.35,-0.000343068,0.000675894,2.04049
849.4,-0.000333533,0.000691095,2.02044
849.45,-0.000327745,0.000702015,2.00759
849.5,-0.000328011,0.000705387,2.00606
849.55,-0.000329964,0.00070507,2.00851
849.6,-0.000330595,0.000705002,2.00928
849.65,0.195509,-0.177007,-0.735771
849.7,0.195036,-0.182574,-0.752406
849.75,0.181347,-0.178354,-0.777078
849.8,0.205741,-0.205394,-0.784553
849.85,0.193032,-0.201288,-0.806331
849.9,0.181906,-0.201429,-0.836282
849.95,0.204273,-0.22674,-0.837478
850,-0.000275803,0.000750892,1.9228
850.05,-0.000260709,0.000767339,1.89832
850.1,-0.000246874,0.00078362,1.876
850.15,-0.000235276,0.00079831,1.8574
850.2,-0.000226442,0.000810134,1.84335
850.25,-0.000222547,0.000815666,1.83715
850.3,-0.000222349,0.000816454,1.83668
850.35,-0.000222044,0.000816966,1.83618
850.4,0.179149,-0.189853,-0.814398
850.45,0.179113,-0.194042,-0.825384
850.5,0.188685,-0.209912,-0.838601
850.55,0.17958,-0.214395,-0.873538
850.6,0.18109,-0.222612,-0.887891
850.65,0.176881,-0.226731,-0.908285
850.7,0.174737,-0.228633,-0.918227
850.75,-0.00015258,0.000874102,1.74361
850.8,-0.000132952,0.000893579,1.7185
850.85,-0.000114609,0.000913311,1.69563
850.9,-9.67429e-05,0.000933112,1.6741
850.95,-7.84793e-05,0.000953183,1.65295
851,-6.26045e-05,0.000970513,1.63521
851.05,-5.06915e-05,0.000983526,1.62229
851.1,-4.44297e-05,0.000991889,1.61556
851.15,0.177819,-0.219171,-0.889188
851.2,0.177463,-0.222523,-0.89758
851.25,0.174668,-0.227473,-0.915961
851.3,0.174607,-0.239966,-0.941765
851.35,0.170783,-0.242095,-0.956428
851.4,0.158422,-0.239706,-0.986795
851.45,0.157301,-0.246262,-1.00237
851.5,0.16897,-0.268183,-1.00857
851.55,0.000151446,0.00123625,1.4489
851.6,0.000214697,0.00131467,1.40892
851.65,0.00028636,0.00140614,1.36989
851.7,0.000367698,0.00151308,1.3324
851.75,0.000451864,0.00162823,1.30009
851.8,0.000526259,0.00173425,1.27618
851.85,0.000590621,0.00183144,1.25884
851.9,0.000642737,0.00191709,1.24731
851.95,0.167132,-0.248993,-0.97964
852,0.174239,-0.260162,-0.980675
852.05,0.171053,-0.26004,-0.988961
852.1,0.158425,-0.259581,-1.02283
852.15,0.152351,-0.266523,-1.0515
852.2,0.142726,-0.264067,-1.07528
852.25,0.142216,-0.273394,-1.09113
852.3,0.132442,-0.268288,-1.11224
852.35,0.136441,-0.277328,-1.11358
852.4,0.00230116,0.00449259,1.09743
852.45,0.00272193,0.00516176,1.08553
852.5,0.00316754,0.00587531,1.07634
852.55,0.00355258,0.00649897,1.07054
852.6,0.00383005,0.00695777,1.06759
852.65,0.00406717,0.00735428,1.06563
852.7,0.00422678,0.0076225,1.06449
852.75,0.143312,-0.261612,-1.06964
852.8,0.149281,-0.273831,-1.07168
852.85,0.158005,-0.288627,-1.06992
852.9,0.144994,-0.289964,-1.10712
852.95,0.145889,-0.311541,-1.13284
853,0.119964,-0.278304,-1.16381
853.05,0.126747,-0.310164,-1.18286
853.1,0.12039,-0.308088,-1.19828
853.15,0.116942,-0.299272,-1.19829
853.2,0.00599405,0.0108231,1.06502
853.25,0.00637151,0.0115344,1.06612
853.3,0.00676729,0.0122882,1.0674
853.35,0.00717714,0.0130771,1.06885
853.4,0.00759881,0.0138993,1.07049
853.45,0.00803793,0.0147657,1.07229
853.5,0.00848958,0.0156658,1.07418
853.55,0.00884243,0.0163758,1.07569
853.6,0.00905074,0.0167971,1.07657
853.65,0.132356,-0.321111,-1.17983
853.7,0.130483,-0.317444,-1.18081
853.75,0.120091,-0.300401,-1.19049
853.8,0.12433,-0.337664,-1.21799
853.85,0.111927,-0.325378,-1.23949
853.9,0.108181,-0.342218,-1.26462
853.95,0.0937199,-0.320486,-1.2863
854,0.0874487,-0.324091,-1.30724
854.05,0.0891627,-0.337988,-1.31287
854.1,0.0926392,-0.360307,-1.31914
854.15,0.0115084,0.0224939,1.09789
854.2,0.0119633,0.0236102,1.1018
854.25,0.0124213,0.0247559,1.10575
854.3,0.012869,0.0259078,1.10977
854.35,0.0132939,0.0270379,1.11383
854.4,0.013699,0.0281533,1.11794
854.45,0.014091,0.0292684,1.12211
854.5,0.0144786,0.0304031,1.12635
854.55,0.0148558,0.0315286,1.13047
854.6,0.0151029,0.0323063,1.13349
854.65,0.0151758,0.0326123,1.13526
854.7,0.0151263,0.0325677,1.13598
854.75,0.0817465,-0.317966,-1.31915
854.8,0.0846231,-0.345848,-1.33083
854.85,0.0852531,-0.358569,-1.33737
854.9,0.0774894,-0.368134,-1.36333
854.95,0.0722055,-0.394136,-1.38961
855,0.0631652,-0.423733,-1.42282
855.05,0.0450246,-0.354629,-1.44451
855.1,0.035304,-0.366608,-1.47479
855.15,0.0355459,-0.426894,-1.48772
855.2,0.0276034,-0.354275,-1.49304
855.25,0.0216801,-0.366446,-1.5117
855.3,0.00931706,0.0217765,1.16651
855.35,0.00885466,0.0209829,1.17147
855.4,0.00842416,0.0202454,1.17649
855.45,0.00803323,0.0195849,1.18155
855.5,0.0076866,0.0190085,1.18652
855.55,0.00732091,0.0183116,1.19046
855.6,0.00693647,0.0174813,1.19306
855.65,0.02957,-0.44727,-1.50478
855.7,0.0288827,-0.453573,-1.5072
855.75,0.0244531,-0.438273,-1.51506
855.8,0.0171202,-0.452585,-1.53299
855.85,0.00971408,-0.484434,-1.55075
855.9,-0.00401199,-0.45636,-1.57959
855.95,-0.0152585,-0.496729,-1.6015
856,-0.0246565,-0.511245,-1.61899
856.05,-0.0325628,-0.49028,-1.63712
856.1,-0.0345813,-0.488985,-1.6414
856.15,0.004884,0.0132565,1.21781
856.2,0.00490208,0.0134811,1.22203
856.25,0.00493664,0.0137613,1.22636
856.3,0.00497168,0.0140513,1.23072
856.35,0.00500204,0.0143304,1.23497
856.4,0.0050288,0.0145965,1.23901
856.45,0.00504118,0.0147794,1.24208
856.5,0.0050425,0.0148822,1.24411
856.55,0.00503434,0.0149068,1.2451
856.6,-0.027317,-0.397503,-1.63941
856.65,-0.0327352,-0.444457,-1.64432
856.7,-0.0326121,-0.423864,-1.64758
856.75,-0.0354742,-0.397525,-1.6598
856.8,-0.0469706,-0.441562,-1.67677
856.85,-0.0568043,-0.472172,-1.69053
856.9,-0.0474478,-0.393194,-1.69089
856.95,-0.0598279,-0.430658,-1.70883
857,-0.0700912,-0.455886,-1.72335
857.05,-0.0648956,-0.400218,-1.73155
857.1,-0.0677724,-0.373357,-1.75036
857.15,-0.0932973,-0.440251,-1.77963
857.2,-0.0684278,-0.334296,-1.7727
857.25,0.00520149,0.0143733,1.22357
857.3,0.00537057,0.0144109,1.21407
857.35,0.00558961,0.0144821,1.20245
857.4,0.0058559,0.0145886,1.18908
857.45,0.00612368,0.0146386,1.17459
857.5,0.00635702,0.0146083,1.16035
857.55,-0.0446688,-0.279039,-1.72953
857.6,-0.0722101,-0.393105,-1.75246
857.65,-0.0837779,-0.420376,-1.76751
857.7,-0.0833673,-0.404628,-1.77399
857.75,-0.093879,-0.419903,-1.79075
857.8,-0.0943034,-0.413357,-1.7951
857.85,-0.109586,-0.434219,-1.81801
857.9,-0.105492,-0.403238,-1.82667
857.95,-0.119442,-0.42228,-1.84645
858,-0.112332,-0.380694,-1.85773
858.05,-0.0663293,-0.254332,-1.82591
858.1,0.0134682,0.0132095,0.775702
858.15,0.0150546,0.0130737,0.715089
858.2,0.162177,-0.177129,-0.829437
858.25,0.163921,-0.171708,-0.808595
858.3,0.169635,-0.173663,-0.797131
858.35,0.163266,-0.171328,-0.809488
858.4,0.170169,-0.187204,-0.833028
858.45,0.176485,-0.198522,-0.844095
858.5,0.173281,-0.199846,-0.856476
858.55,0.170167,-0.210822,-0.891707
858.6,0.159968,-0.196096,-0.886516
858.65,0.158771,-0.197019,-0.892488
858.7,0.156822,-0.203491,-0.914206
858.75,0.166732,-0.216373,-0.914254
858.8,0.151828,-0.19895,-0.918934
858.85,0.0353056,0.0125396,0.341276
858.9,0.14858,-0.193945,-0.917075
858.95,0.0403044,0.012838,0.308366
859,0.0427993,0.012951,0.293839
859.05,0.0443237,0.013072,0.286791
859.1,0.0454091,0.013177,0.282428
859.15,0.0461368,0.0132663,0.279989
859.2,0.0467429,0.0133607,0.278409
859.25,0.0474127,0.0134881,0.277161
859.3,0.0480474,0.0136361,0.276533
859.35,0.0486255,0.0138019,0.276568
859.4,0.0491397,0.0139855,0.277276
859.45,0.0495829,0.0141864,0.27867
859.5,0.0499486,0.0144039,0.280758
859.55,0.0502312,0.0146373,0.283547
859.6,0.0504261,0.0148856,0.287044
859.65,0.0505301,0.0151476,0.291249
859.7,0.0505411,0.015422,0.296163
859.75,0.0504585,0.0157071,0.301779
859.8,0.0502832,0.0160012,0.308089
859.85,0.0500172,0.0163023,0.315076
859.9,0.0496641,0.0166081,0.322719
859.95,0.0492286,0.0169165,0.330989
860,0.0487165,0.0172248,0.339854
860.05,0.0481342,0.0175307,0.349274
860.1,0.0474889,0.0178317,0.359201
860.15,0.0467882,0.0181251,0.369585
860.2,0.0460398,0.0184086,0.380369
860.25,0.045245,0.0186822,0.391587
860.3,0.044375,0.0189514,0.403625
860.35,0.0434429,0.0192131,0.4164
860.4,0.0422291,0.0195126,0.432843
860.45,0.0403147,0.0199336,0.459198
860.5,0.038252,0.0203687,0.489299
860.55,0.0363393,0.0207547,0.518925
860.6,0.0347233,0.021067,0.54534
860.65,0.0334753,0.0212795,0.566241
860.7,0.0324189,0.0214357,0.584216
860.75,0.0315423,0.0215381,0.59911
860.8,0.0310118,0.0215451,0.607186
860.85,0.0305916,0.0215147,0.612929
860.9,0.0301774,0.0214666,0.6183
860.95,-0.0157976,-0.334275,-1.61802
861,-0.0132348,-0.327134,-1.61123
861.05,-0.0160253,-0.36326,-1.61488
861.1,-0.01526,-0.405155,-1.60844
861.15,0.00175883,-0.330791,-1.56548
861.2,0.00398733,-0.347608,-1.55933
861.25,0.0065197,-0.402802,-1.55461
861.3,0.00905354,-0.392884,-1.54776
861.35,0.0112573,-0.429899,-1.54462
861.4,0.0176061,-0.425266,-1.52942
861.45,0.0195762,-0.39237,-1.52095
861.5,0.0223193,-0.42254,-1.51802
861.55,0.0277134,-0.402285,-1.50202
861.6,0.0278303,-0.336802,-1.48835
861.65,0.0351875,-0.401858,-1.48346
861.7,0.0410571,-0.411288,-1.4713
861.75,0.0467783,-0.415954,-1.45881
861.8,0.046427,-0.400878,-1.4555
861.85,0.00853796,0.0170702,1.10702
861.9,0.00789933,0.016769,1.13056
861.95,0.00736166,0.0164796,1.15068
862,0.00692502,0.0162158,1.16719
862.05,0.0428957,-0.365744,-1.45405
862.1,0.0425231,-0.355742,-1.45183
862.15,0.049345,-0.403948,-1.44924
862.2,0.0568816,-0.41811,-1.43558
862.25,0.065548,-0.416264,-1.41461
862.3,0.0654824,-0.36801,-1.3947
862.35,0.0908066,-0.440964,-1.36771
862.4,0.0847027,-0.39447,-1.35928
862.45,0.0825201,-0.369791,-1.35124
862.5,0.0807577,-0.349932,-1.34399
862.55,0.0732442,-0.312526,-1.34059
862.6,0.00454096,0.012013,1.20939
862.65,0.00426456,0.0110759,1.20326
862.7,0.00398931,0.010142,1.19604
862.75,0.00373756,0.00929742,1.18857
862.8,0.0035235,0.0085665,1.18058
862.85,0.0584768,-0.268123,-1.35606
862.9,0.0936291,-0.393584,-1.33725
862.95,0.0911931,-0.373398,-1.33126
863,0.100406,-0.392287,-1.32022
863.05,0.120144,-0.400159,-1.27912
863.1,0.116792,-0.365912,-1.26184
863.15,0.126931,-0.379805,-1.24827
863.2,0.115678,-0.34904,-1.25077
863.25,0.0848055,-0.262032,-1.25779
863.3,0.00226756,0.00457242,1.11042
863.35,0.00219541,0.00442871,1.11058
863.4,0.00212583,0.00429121,1.11084
863.45,0.00206603,0.00417233,1.11102
863.5,0.00202425,0.00408841,1.11106
863.55,0.00200537,0.00405136,1.11117
863.6,0.081489,-0.261625,-1.26885
863.65,0.117893,-0.348466,-1.24456
863.7,0.152548,-0.407599,-1.21268
863.75,0.150191,-0.384991,-1.19884
863.8,0.162939,-0.387198,-1.17248
863.85,0.155249,-0.359578,-1.16322
863.9,0.114932,-0.272777,-1.17203
863.95,0.0846247,-0.206674,-1.18216
864,0.00166691,0.00329375,1.10229
864.05,0.00161309,0.00318325,1.10177
864.1,0.0015605,0.00307745,1.1015
864.15,0.00151328,0.00298449,1.10153
864.2,0.00147928,0.00291807,1.10161
864.25,0.00146812,0.00289605,1.10161
864.3,0.00146671,0.00289249,1.1015
864.35,0.0909906,-0.228595,-1.19198
864.4,0.106983,-0.254927,-1.17346
864.45,0.144297,-0.324312,-1.15216
864.5,0.163802,-0.345774,-1.12839
864.55,0.172899,-0.350388,-1.1124
864.6,0.172306,-0.332184,-1.0923
864.65,0.153633,-0.289449,-1.08283
864.7,0.117401,-0.224857,-1.08962
864.75,0.00128559,0.00245671,1.08869
864.8,0.00124916,0.00237319,1.08628
864.85,0.00121498,0.00229674,1.08422
864.9,0.00119308,0.00224319,1.08198
864.95,0.00118759,0.00221896,1.07938
865,0.00119601,0.00221526,1.07574
865.05,0.102677,-0.214766,-1.12483
865.1,0.118693,-0.239487,-1.11066
865.15,0.141009,-0.263385,-1.07925
865.2,0.144445,-0.25818,-1.06071
865.25,0.132578,-0.232397,-1.05236
865.3,0.113773,-0.201299,-1.05636
865.35,0.00112056,0.00196216,1.05191
865.4,0.00108632,0.00190062,1.05155
865.45,0.0010536,0.00184459,1.05183
865.5,0.00103194,0.00180345,1.05106
865.55,0.00103108,0.00178584,1.04719
865.6,0.00105432,0.00180253,1.04155
865.65,0.00109162,0.00185558,1.03903
865.7,0.00113395,0.00192354,1.03812
865.75,0.109197,-0.199142,-1.06923
865.8,0.125682,-0.220321,-1.05239
865.85,0.134712,-0.227279,-1.03575
865.9,0.14793,-0.24076,-1.01984
865.95,0.132263,-0.20796,-1.00432
866,0.00135035,0.00230844,1.04151
866.05,0.00135163,0.00233468,1.04601
866.1,0.00135913,0.00236693,1.04955
866.15,0.00138599,0.00242459,1.05149
866.2,0.00144776,0.00252802,1.05071
866.25,0.00154253,0.00267457,1.04765
866.3,0.00165012,0.00283903,1.0443
866.35,0.00176844,0.00301941,1.04096
866.4,0.00189945,0.0032199,1.03783
866.45,0.150161,-0.229684,-0.991774
866.5,0.147214,-0.22415,-0.989681
866.55,0.163217,-0.238035,-0.969743
866.6,0.171343,-0.238407,-0.94763
866.65,0.161198,-0.220474,-0.939473
866.7,0.00237075,0.00370704,1.00182
866.75,0.00230698,0.00353128,0.992105
866.8,0.00224906,0.00337387,0.982833
866.85,0.0022171,0.00326444,0.97419
866.9,0.00220633,0.00320515,0.967917
866.95,0.00221055,0.00317867,0.963143
867,0.00221164,0.00316889,0.961466
867.05,0.00220193,0.00315985,0.962189
867.1,0.00219444,0.00315097,0.962469
867.15,0.00218799,0.00314198,0.962509
867.2,0.14335,-0.199023,-0.946596
867.25,0.16144,-0.21365,-0.923702
867.3,0.16456,-0.209718,-0.905472
867.35,0.147801,-0.186254,-0.900003
867.4,0.00180205,0.00254011,0.953764
867.45,0.0017495,0.00242683,0.94618
867.5,0.00169434,0.0023222,0.940463
867.55,0.00162053,0.0022181,0.939832
867.6,0.00152419,0.00210422,0.943916
867.65,0.0014221,0.00199388,0.951244
867.7,0.00131407,0.00188734,0.962589
867.75,0.0012041,0.00178519,0.977394
867.8,0.00110051,0.00168885,0.993272
867.85,0.0010063,0.00159866,1.00899
867.9,0.000916504,0.00151344,1.02629
867.95,0.000837327,0.00143426,1.04237
868,0.000772701,0.00136174,1.05466
868.05,0.00072197,0.00129567,1.06243
868.1,0.000681907,0.00123528,1.0664
868.15,0.00064555,0.00117895,1.06983
868.2,0.16318,-0.160349,-0.776649
868.25,0.180528,-0.171591,-0.760022
868.3,0.178031,-0.163831,-0.743884
868.35,0.000504444,0.000985588,1.09774
868.4,0.000463564,0.000944238,1.11442
868.45,0.000415948,0.000903084,1.13917
868.5,0.000364569,0.000861305,1.17039
868.55,0.000315599,0.000821522,1.20402
868.6,0.00026768,0.000783287,1.2415
868.65,0.000247928,0.000766861,1.2581
868.7,0.000256097,0.000768584,1.24916
868.75,0.000271981,0.000772395,1.23223
868.8,0.000296297,0.000778469,1.20711
868.85,0.000325732,0.000785976,1.17791
868.9,0.00034457,0.00078502,1.15719
868.95,0.176793,-0.145995,-0.690274
869,0.000309138,0.000729524,1.16998
869.05,0.198727,-0.154498,-0.66083
869.1,0.000277366,0.000684883,1.186
869.15,0.000258859,0.000666138,1.20016
869.2,0.0088911,-0.239692,-1.53372
869.25,0.00125833,-0.239403,-1.56554
869.3,-0.00142029,-0.238208,-1.57676
869.35,0.00318095,-0.239508,-1.55752
869.4,0.00591237,-0.239238,-1.54609
869.45,0.015505,-0.237723,-1.50567
869.5,0.0104797,-0.241064,-1.52735
869.55,0.0139501,-0.235704,-1.51168
869.6,0.0114798,-0.238956,-1.52279
869.65,0.00786531,-0.240004,-1.53804
869.7,0.0169891,-0.241335,-1.50052
869.75,-0.000895568,-0.23566,-1.5746
869.8,0.0191339,-0.237157,-1.49029
869.85,0.0167001,-0.234399,-1.49967
869.9,0.00950625,-0.228118,-1.52915
869.95,-0.000212449,0.000376011,2.08509
870,-0.000249084,0.000364396,2.1704
870.05,-0.000276678,0.000356999,2.23011
870.1,0.0246163,-0.232307,-1.46523
870.15,-0.000315677,0.000348073,2.30743
870.2,-0.00415785,-0.227133,-1.5891
870.25,-0.137235,-0.186654,-2.20478
870.3,-0.000299532,0.00035632,2.26982
870.35,-0.0258692,-0.231539,-1.68206
870.4,-0.000278273,0.000363704,2.2239
870.45,-0.0277985,-0.226613,-1.69286
870.5,-0.000277234,0.000364431,2.22113
870.55,-0.000278476,0.000364195,2.2236
870.6,-0.0127219,-0.229264,-1.62623
870.65,-0.000279994,0.000364011,2.22647
870.7,-0.09098,-0.202973,-1.99218
870.75,0.0195404,-0.228099,-1.48534
870.8,-0.0682314,-0.207995,-1.88778
870.85,-0.0918533,-0.203566,-1.99466
870.9,-0.0576146,-0.220806,-1.82603
870.95,-0.0571174,-0.212318,-1.83359
871,-0.000277457,0.000368145,2.21664
871.05,-0.124527,-0.214082,-2.09763
871.1,-0.122094,-0.19577,-2.12843
871.15,-0.000320873,0.000363166,2.29444
871.2,-0.00033587,0.000360998,2.32015
871.25,-0.00036015,0.000356638,2.36109
871.3,-0.000384236,0.000352294,2.39953
871.35,-0.116303,-0.207879,-2.08088
871.4,-0.000425543,0.000345891,2.45908
871.45,-0.000435767,0.000346227,2.4702
871.5,-0.000434668,0.000349343,2.4646
871.55,-0.000429463,0.000353758,2.45255
871.6,-0.00042458,0.00035811,2.44092
871.65,-0.000419991,0.000362425,2.42964
871.7,-0.000420523,0.000365176,2.42652
871.75,-0.122786,-0.213518,-2.09268
871.8,-0.000442978,0.000364021,2.45372
871.85,-0.122411,-0.201597,-2.1165
871.9,-0.127816,-0.208558,-2.12062
871.95,-0.124841,-0.207746,-2.1119
872,-0.117417,-0.206372,-2.08808
872.05,-0.116518,-0.211852,-2.07364
872.1,-0.111073,-0.212376,-2.05268
872.15,-0.111635,-0.218437,-2.04325
872.2,-0.0983597,-0.208041,-2.01244
872.25,-0.0997875,-0.220343,-1.99604
872.3,-0.0942379,-0.219975,-1.97554
872.35,-0.000536827,0.00037829,2.52773
872.4,-0.000550697,0.000384854,2.53164
872.45,-0.000573185,0.000388949,2.54539
872.5,-0.0902343,-0.208451,-1.97932
872.55,-0.000646295,0.000389688,2.599
872.6,-0.000680811,0.000390067,2.6213
872.65,-0.000699898,0.000389353,2.63393
872.7,-0.000717971,0.000388917,2.64515
872.75,-0.000735933,0.000388886,2.65546
872.8,-0.000750492,0.000389923,2.66242
872.85,-0.0970167,-0.209066,-2.00527
872.9,-0.0992397,-0.21875,-1.9967
872.95,-0.0983617,-0.210823,-2.00734
873,-0.103199,-0.220209,-2.00904
873.05,-0.0962851,-0.219502,-1.98417
873.1,-0.092098,-0.225693,-1.95824
873.15,-0.0886325,-0.22718,-1.94278
873.2,-0.0803527,-0.222023,-1.91804
873.25,-0.0731764,-0.21965,-1.89238
873.3,-0.0760456,-0.236998,-1.88129
873.35,-0.000811364,0.000423874,2.66017
873.4,-0.000829521,0.000431003,2.6624
873.45,-0.00084466,0.000439339,2.66197
873.5,-0.000861633,0.000447894,2.66222
873.55,-0.000885482,0.000456025,2.66602
873.6,-0.000913638,0.000461302,2.67403
873.65,-0.000929951,0.000464023,2.67876
873.7,-0.000935876,0.000466475,2.6792
873.75,-0.000937669,0.000468532,2.6782
873.8,-0.000935258,0.00047104,2.67503
873.85,-0.000923009,0.00047518,2.66616
873.9,-0.000907559,0.000479432,2.65559
873.95,-0.000895726,0.000482736,2.64729
874,-0.000885028,0.000485744,2.63964
874.05,-0.000870915,0.000489748,2.62933
874.1,-0.00085515,0.000494291,2.61749
874.15,-0.000840938,0.000498365,2.60661
874.2,-0.000832029,0.000500988,2.59961
874.25,-0.000828414,0.000502088,2.59671
874.3,-0.000826263,0.000502797,2.59493
874.35,-0.000824213,0.000503473,2.59323
874.4,-0.000823516,0.000503756,2.5926
874.45,-0.000823966,0.000503707,2.59289
874.5,-0.000822187,0.000504329,2.59138
874.55,-0.000810454,0.000507767,2.5819
874.6,-0.000790954,0.000513452,2.56581
874.65,-0.000769339,0.00051983,2.54737
874.7,-0.000750479,0.000525342,2.53086
874.75,-0.000736228,0.000529527,2.51807
874.8,-0.000725221,0.000532769,2.508
874.85,-0.000716832,0.000535241,2.50022
874.9,-0.000712477,0.000536521,2.49615
874.95,-0.000710125,0.000537185,2.49397
875,-0.00070349,0.00053917,2.48766
875.05,-0.000683183,0.000545092,2.46815
875.1,-0.000655788,0.000553214,2.44083
875.15,-0.000622694,0.0005632,2.40632
875.2,-0.000585829,0.000574498,2.36596
875.25,-0.000545588,0.000587074,2.31958
875.3,-0.000505369,0.000599777,2.27098
875.35,-0.000479554,0.000607891,2.23872
875.4,-0.000464273,0.000612655,2.21927
875.45,-0.000452953,0.000616188,2.20469
875.5,-0.000448652,0.000617509,2.19912
875.55,-0.000443936,0.000618893,2.19304
875.6,-0.000440304,0.000619872,2.18841
875.65,-0.000432686,0.000622222,2.17842
875.7,-0.000404243,0.000631145,2.14046
875.75,-0.000361965,0.000644543,2.08249
875.8,-0.000313637,0.000659996,2.01442
875.85,-0.000264003,0.000675919,1.94316
875.9,-0.000219137,0.000690354,1.87816
875.95,-0.000196359,0.000697517,1.84521
876,-0.000179677,0.00070263,1.82115
876.05,-0.000155627,0.000710483,1.78643
876.1,0.0118671,-0.231427,-1.51956
876.15,-0.123408,-0.202673,-2.11773
876.2,-0.0487437,-0.223393,-1.78563
876.25,-0.0295325,-0.223797,-1.702
876.3,-0.0389703,-0.224754,-1.74248
876.35,-0.0279752,-0.23487,-1.68935
876.4,-0.0257706,-0.240218,-1.67767
876.45,-0.0275293,-0.240596,-1.68472
876.5,-0.0190636,-0.243617,-1.64889
876.55,-0.0087377,-0.25675,-1.60482
876.6,-0.022125,-0.252312,-1.65826
876.65,-0.0174411,-0.257397,-1.63845
876.7,-0.00313225,-0.26331,-1.58269
876.75,0.00808138,-0.256814,-1.53934
876.8,0.0178891,-0.248185,-1.49884
876.85,0.0247858,-0.248017,-1.47119
876.9,0.0346302,-0.246837,-1.43141
876.95,0.0480824,-0.230724,-1.36534
877,0.0442243,-0.237085,-1.38638
877.05,0.049335,-0.237126,-1.36567
877.1,0.0609648,-0.23367,-1.31558
877.15,0.0776355,-0.232465,-1.24848
877.2,0.0755995,-0.230262,-1.25357
877.25,0.0724289,-0.230503,-1.26634
877.3,0.0867993,-0.225871,-1.20391
877.35,0.0961439,-0.228316,-1.17223
877.4,0.1043,-0.223374,-1.13395
877.45,0.123732,-0.223745,-1.06565
877.5,0.136817,-0.221683,-1.01784
877.55,0.148565,-0.218234,-0.973101
877.6,0.172535,-0.217375,-0.899896
877.65,0.189759,-0.217688,-0.853839
877.7,0.24283,-0.210713,-0.714704
877.75,0.269664,-0.216662,-0.676842
877.8,0.304899,-0.219808,-0.624628
877.85,0.339928,-0.219989,-0.574379
877.9,0.334328,-0.224414,-0.591161
877.95,0.351099,-0.234635,-0.589124
878,0.353318,-0.240744,-0.598119
878.05,0.343311,-0.240028,-0.610159
878.1,0.335775,-0.241122,-0.622776
878.15,0.337462,-0.246333,-0.630549
878.2,0.325722,-0.243695,-0.642328
878.25,0.320902,-0.238372,-0.63889
878.3,0.324767,-0.242472,-0.641325
878.35,0.327145,-0.244566,-0.641948
878.4,0.30305,-0.230632,-0.650526
878.45,0.312209,-0.239071,-0.653499
878.5,0.32709,-0.245213,-0.643297
878.55,0.351051,-0.254802,-0.62785
878.6,0.358636,-0.252204,-0.612891
878.65,0.364501,-0.24314,-0.588267
878.7,0.043504,0.022729,0.481452
878.75,0.0455834,0.0236831,0.479168
878.8,0.0473368,0.0244742,0.477172
878.85,0.0481789,0.0248662,0.476462
878.9,0.0483828,0.0249851,0.476685
878.95,0.0484832,0.0250471,0.476849
879,0.0485029,0.02506,0.476895
879.05,0.0484473,0.025026,0.476809
879.1,0.0483166,0.0249455,0.476597
879.15,0.0481112,0.0248194,0.476268
879.2,0.0478328,0.0246495,0.475833
879.25,0.0474836,0.0244378,0.475305
879.3,0.0470669,0.0241871,0.474696
879.35,0.0465868,0.0239006,0.474021
879.4,0.0460476,0.0235818,0.473294
879.45,0.0454546,0.0232343,0.47253
879.5,0.0448131,0.022862,0.471746
879.55,0.0441288,0.022469,0.470955
879.6,0.0434076,0.0220591,0.470175
879.65,0.0417497,0.021224,0.470317
879.7,0.039161,0.0199635,0.47144
879.75,0.0366035,0.018716,0.47266
879.8,0.0339637,0.0174306,0.474162
879.85,0.0314431,0.0162032,0.475827
879.9,0.0290712,0.015049,0.477677
879.95,0.0268481,0.0139693,0.479762
880,0.0247718,0.0129629,0.48211
880.05,0.0228383,0.0120301,0.484818
880.1,0.0210429,0.0111686,0.487946
880.15,0.0193796,0.0103757,0.49156
880.2,0.0178418,0.00964887,0.495755
880.25,0.0164224,0.0089852,0.500639
880.3,0.0151142,0.0083808,0.506291
880.35,0.01391,0.00783302,0.512862
880.4,0.0128026,0.00733815,0.520463
880.45,0.0117851,0.00689356,0.529272
880.5,0.0108506,0.00649724,0.539528
880.55,0.00999292,0.00614491,0.551323
880.6,0.00920582,0.00583426,0.564872
880.65,0.00848362,0.00556483,0.580547
880.7,0.007821,0.0053302,0.598218
880.75,0.00721303,0.00512814,0.618041
880.8,0.0066551,0.00495961,0.640444
880.85,0.00614297,0.00482316,0.66562
880.9,0.00567273,0.00471755,0.693726
880.95,0.0052408,0.0046418,0.724861
881,0.00473939,0.00453046,0.762864
881.05,0.0040724,0.00432078,0.814983
881.1,0.0034391,0.00411894,0.875107
881.15,0.00288776,0.00394637,0.939078
881.2,0.00240486,0.00371667,0.9965
881.25,0.00214234,0.00358184,1.03177
881.3,0.00197735,0.00349584,1.05603
881.35,0.00180081,0.00340626,1.08447
881.4,0.00164965,0.00334205,1.11228
881.45,0.00635071,-0.228101,-1.54296
881.5,-0.00955884,-0.239811,-1.61064
881.55,-0.00207483,-0.242322,-1.57936
881.6,-0.0011859,-0.243924,-1.57566
881.65,0.00078708,-0.247778,-1.56762
881.7,0.00137143,-0.254323,-1.5654
881.75,-0.0042212,-0.252519,-1.58751
881.8,-0.00287293,-0.255499,-1.58204
881.85,-0.0127858,-0.258398,-1.62024
881.9,-0.0150939,-0.257272,-1.6294
881.95,-0.0154584,-0.262207,-1.62968
882,-0.0257461,-0.263191,-1.66831
882.05,-0.023747,-0.265415,-1.66003
882.1,-0.0187799,-0.269017,-1.64049
882.15,-0.0274944,-0.268481,-1.67285
882.2,-0.0291295,-0.272495,-1.67729
882.25,-0.0298851,-0.273669,-1.67957
882.3,-0.0287479,-0.272387,-1.67595
882.35,-0.031789,-0.268431,-1.68867
882.4,-0.0422427,-0.271495,-1.72515
882.45,-0.0366038,-0.273747,-1.70372
882.5,-0.0410055,-0.267512,-1.7229
